Data/RVJanan08402.cnv
* Sea-Bird SBE 9 Data File:
* FileName = C:\CruiseData\CTD911\RVJanan084\Hex\RVJanan08402.hex
* Software Version Seasave V 7.26.7.121
* Temperature SN = 5958
* Conductivity SN = 3674
* Number of Bytes Per Scan = 37
* Number of Voltage Words = 4
* Number of Scans Averaged by the Deck Unit = 1
* NMEA Latitude = 25 42.93 N
* NMEA Longitude = 052 36.08 E
* NMEA UTC (Time) = Mar 07 2020  08:50:23
* NMEA baud rate = 4800
** Ship: R/V JANAN
** Cruise: NPRP10Restore04-March2020
** Station: FashtEHalul
** Bottom Depth [m]: 44
** Operator: MD
# nquan = 22
# nvalues = 5582                                  
# units = specified
# name 0 = depSM: Depth [salt water, m]
# name 1 = t090C: Temperature [ITS-90, deg C]
# name 2 = sal00: Salinity, Practical [PSU]
# name 3 = sigma-t00: Density [sigma-t, kg/m^3 ]
# name 4 = sbeox0Mg/L: Oxygen, SBE 43 [mg/l]
# name 5 = oxsatMg/L: Oxygen Saturation, Weiss [mg/l]
# name 6 = oxsolMg/L: Oxygen Saturation, Garcia & Gordon [mg/l]
# name 7 = sbeox0PS: Oxygen, SBE 43 [% saturation]
# name 8 = flECO-AFL: Fluorescence, WET Labs ECO-AFL/FL [mg/m^3]
# name 9 = turbWETntu0: Turbidity, WET Labs ECO [NTU]
# name 10 = par: PAR/Irradiance, Biospherical/Licor
# name 11 = xmiss: Beam Transmission, Chelsea/Seatech [%]
# name 12 = bat: Beam Attenuation, Chelsea/Seatech [1/m]
# name 13 = ph: pH
# name 14 = orp: Oxidation Reduction Potential [mV]
# name 15 = prDM: Pressure, Digiquartz [db]
# name 16 = potemp090C: Potential Temperature [ITS-90, deg C]
# name 17 = pta090C: Potential Temperature Anomaly [ITS-90, deg C], a0 = 0, a1 = 0
# name 18 = ptempC: Pressure Temperature [deg C]
# name 19 = density00: Density [density, kg/m^3]
# name 20 = sigma-é00: Density [sigma-theta, kg/m^3]
# name 21 = flag:  0.000e+00
# span 0 =     -0.169,     43.877                 
# span 1 =    20.5504,    22.0312                 
# span 2 =     2.8250,    40.4442                 
# span 3 =     0.0409,    28.7693                 
# span 4 =     6.2122,     8.4956                 
# span 5 =    6.91687,    8.68348                 
# span 6 =    6.93159,    8.70094                 
# span 7 =     87.621,     98.046                 
# span 8 =    -0.0561,    49.3700                 
# span 9 =    -0.1252,     1.2728                 
# span 10 = 1.0000e-12, 1.0000e-12                
# span 11 =    86.2461,   102.3000                
# span 12 =    -0.0910,     0.5919                
# span 13 =      8.154,      8.215                
# span 14 =   176.7537,   196.1452                
# span 15 =     -0.170,     44.168                
# span 16 =    20.5427,    22.0312                
# span 17 =    20.5427,    22.0312                
# span 18 =      20.19,      20.32                
# span 19 =  1000.0410,  1028.9598                
# span 20 =     0.0409,    28.7717                
# span 21 = 0.0000e+00, 0.0000e+00                
# interval = seconds: 0.0416667
# start_time = Mar 07 2020 08:50:23 [NMEA time, header]
# bad_flag = -9.990e-29
*END*
[from data line 66]
      0.419    21.9330    39.8302    27.9124     6.7481    6.92872    6.94337     97.188    -0.0195     0.1861 1.0000e-12    95.1559     0.1986      8.212   176.7537      0.421    21.9329    21.9329      20.19  1027.9142    27.9124  0.000e+00
      0.419    21.9289    39.8304    27.9137     6.7486    6.92921    6.94386     97.188    -0.0195     0.1861 1.0000e-12    95.1559     0.1986      8.208   176.7537      0.421    21.9289    21.9289      20.20  1027.9155    27.9137  0.000e+00
      0.419    21.9276    39.8259    27.9107     6.7491    6.92956    6.94420     97.190    -0.0317     0.1861 1.0000e-12    95.1559     0.1986      8.208   176.7537      0.421    21.9275    21.9275      20.19  1027.9125    27.9107  0.000e+00
      0.419    21.9259    39.8262    27.9114     6.7538    6.92975    6.94440     97.255    -0.0195     0.1861 1.0000e-12    95.1559     0.1986      8.212   177.3597      0.421    21.9258    21.9258      20.20  1027.9132    27.9114  0.000e+00
      0.419    21.9256    39.8299    27.9143     6.7583    6.92964    6.94429     97.322    -0.0195     0.1861 1.0000e-12    95.1559     0.1986      8.208   177.3597      0.421    21.9255    21.9255      20.19  1027.9161    27.9143  0.000e+00
      0.356    21.9250    39.8297    27.9143     6.7544    6.92972    6.94437     97.264    -0.0195     0.1922 1.0000e-12    95.1559     0.1986      8.208   177.3597      0.359    21.9249    21.9249      20.20  1027.9159    27.9144  0.000e+00
      0.356    21.9232    39.8299    27.9150     6.7547    6.92993    6.94457     97.265    -0.0317     0.1922 1.0000e-12    95.1559     0.1986      8.208   177.3597      0.359    21.9232    21.9232      20.20  1027.9165    27.9150  0.000e+00
      0.356    21.9219    39.8318    27.9168     6.7545    6.93001    6.94465     97.263    -0.0195     0.1861 1.0000e-12    95.1559     0.1986      8.208   177.3597      0.359    21.9219    21.9219      20.19  1027.9183    27.9168  0.000e+00
      0.356    21.9216    39.8323    27.9173     6.7545    6.93004    6.94468     97.262    -0.0317     0.1861 1.0000e-12    95.1559     0.1986      8.208   177.3597      0.359    21.9215    21.9215      20.19  1027.9189    27.9173  0.000e+00
      0.356    21.9212    39.8282    27.9143     6.7546    6.93024    6.94488     97.260     0.0782     0.2228 1.0000e-12    95.1559     0.1986      8.208   177.3597      0.359    21.9212    21.9212      20.19  1027.9158    27.9143  0.000e+00
      0.302    21.9186    39.8283    27.9150     6.7547    6.93056    6.94520     97.257     0.1637     0.2533 1.0000e-12    95.1559     0.1986      8.208   177.3597      0.304    21.9186    21.9186      20.20  1027.9164    27.9151  0.000e+00
      0.356    21.9167    39.8285    27.9158     6.7550    6.93079    6.94543     97.258     0.1759     0.2594 1.0000e-12    95.1559     0.1986      8.208   176.7537      0.359    21.9166    21.9166      20.20  1027.9173    27.9158  0.000e+00
      0.356    21.9162    39.8290    27.9163     6.7594    6.93084    6.94547     97.321     0.1759     0.2594 1.0000e-12    95.1559     0.1986      8.208   177.3597      0.359    21.9161    21.9161      20.20  1027.9178    27.9163  0.000e+00
      0.302    21.9152    39.8304    27.9177     6.7595    6.93090    6.94553     97.322     0.1637     0.2594 1.0000e-12    95.1559     0.1986      8.208   177.3597      0.304    21.9151    21.9151      20.20  1027.9190    27.9177  0.000e+00
      0.356    21.9145    39.8313    27.9186     6.7597    6.93095    6.94558     97.323     0.1759     0.2594 1.0000e-12    95.1559     0.1986      8.212   177.3597      0.359    21.9144    21.9144      20.20  1027.9201    27.9186  0.000e+00
      0.356    21.9143    39.8314    27.9187     6.7596    6.93096    6.94560     97.323     0.1637     0.2594 1.0000e-12    95.1559     0.1986      8.208   176.7537      0.359    21.9143    21.9143      20.20  1027.9202    27.9187  0.000e+00
      0.356    21.9107    39.8315    27.9198     6.7602    6.93141    6.94604     97.325     0.1637     0.2655 1.0000e-12    95.1559     0.1986      8.212   177.3597      0.359    21.9106    21.9106      20.19  1027.9214    27.9198  0.000e+00
      0.356    21.9080    39.8315    27.9206     6.7562    6.93174    6.94637     97.263     0.1637     0.2594 1.0000e-12    95.1559     0.1986      8.208   177.3597      0.359    21.9079    21.9079      20.19  1027.9221    27.9206  0.000e+00
      0.419    21.9051    39.8337    27.9230     6.7564    6.93200    6.94663     97.261     0.1759     0.2594 1.0000e-12    95.1559     0.1986      8.208   176.7537      0.422    21.9050    21.9050      20.19  1027.9249    27.9231  0.000e+00
      0.356    21.9063    39.8357    27.9242     6.7558    6.93177    6.94640     97.256     0.1759     0.2655 1.0000e-12    95.1559     0.1986      8.208   177.3597      0.359    21.9063    21.9063      20.20  1027.9258    27.9243  0.000e+00
      0.474    21.9100    39.8368    27.9240     6.7553    6.93128    6.94591     97.256     0.1759     0.2594 1.0000e-12    95.1559     0.1986      8.208   177.3597      0.477    21.9099    21.9099      20.19  1027.9261    27.9241  0.000e+00
      0.419    21.9149    39.8361    27.9221     6.7544    6.93071    6.94534     97.250     0.1637     0.2655 1.0000e-12    95.1559     0.1986      8.208   177.3597      0.422    21.9148    21.9148      20.19  1027.9239    27.9222  0.000e+00
      0.419    21.9176    39.8351    27.9206     6.7536    6.93041    6.94505     97.244     0.1759     0.2533 1.0000e-12    95.1559     0.1986      8.208   177.3597      0.422    21.9175    21.9175      20.19  1027.9224    27.9206  0.000e+00
      0.419    21.9190    39.8339    27.9192     6.7533    6.93029    6.94492     97.241     0.1637     0.2594 1.0000e-12    95.1559     0.1986      8.212   177.3597      0.422    21.9189    21.9189      20.19  1027.9210    27.9192  0.000e+00
      0.474    21.9192    39.8329    27.9184     6.7531    6.93030    6.94494     97.238     0.1759     0.2594 1.0000e-12    95.1559     0.1986      8.208   177.3597      0.477    21.9192    21.9192      20.19  1027.9205    27.9185  0.000e+00
      0.474    21.9190    39.8316    27.9175     6.7527    6.93038    6.94502     97.231     0.1637     0.2594 1.0000e-12    95.1559     0.1986      8.208   177.3597      0.477    21.9189    21.9189      20.20  1027.9196    27.9175  0.000e+00
      0.474    21.9208    39.8269    27.9134     6.7521    6.93035    6.94499     97.222     0.1759     0.2594 1.0000e-12    95.1559     0.1986      8.208   177.3597      0.477    21.9207    21.9207      20.19  1027.9155    27.9134  0.000e+00
      0.419    21.9227    39.8273    27.9131     6.7514    6.93010    6.94475     97.216     0.1637     0.2655 1.0000e-12    95.1559     0.1986      8.208   177.3597      0.422    21.9226    21.9226      20.19  1027.9150    27.9132  0.000e+00
      0.474    21.9212    39.8286    27.9146     6.7512    6.93023    6.94487     97.211     0.1759     0.2594 1.0000e-12    95.1559     0.1986      8.208   177.3597      0.477    21.9211    21.9211      20.19  1027.9166    27.9146  0.000e+00
      0.474    21.9179    39.8298    27.9164     6.7511    6.93059    6.94522     97.205     0.1759     0.2594 1.0000e-12    95.1559     0.1986      8.208   177.3597      0.477    21.9178    21.9178      20.19  1027.9185    27.9164  0.000e+00
      0.419    21.9143    39.8299    27.9176     6.7510    6.93102    6.94566     97.197     0.1637     0.2594 1.0000e-12    95.1559     0.1986      8.208   177.3597      0.422    21.9143    21.9143      20.20  1027.9194    27.9176  0.000e+00
      0.474    21.9118    39.8313    27.9193     6.7552    6.93128    6.94591     97.255     0.1759     0.2594 1.0000e-12    95.1559     0.1986      8.208   177.3597      0.477    21.9117    21.9117      20.20  1027.9214    27.9194  0.000e+00
      0.419    21.9116    39.8323    27.9201     6.7551    6.93126    6.94590     97.253     0.1759     0.2594 1.0000e-12    95.1559     0.1986      8.208   177.3597      0.422    21.9115    21.9115      20.20  1027.9220    27.9202  0.000e+00
      0.474    21.9125    39.8335    27.9208     6.7546    6.93110    6.94573     97.248     0.1759     0.2594 1.0000e-12    95.1559     0.1986      8.208   177.3597      0.477    21.9124    21.9124      20.20  1027.9229    27.9209  0.000e+00
      0.419    21.9134    39.8337    27.9207     6.7542    6.93098    6.94562     97.244     0.1759     0.2655 1.0000e-12    95.1830     0.1975      8.212   177.3597      0.422    21.9133    21.9133      20.20  1027.9225    27.9207  0.000e+00
      0.419    21.9145    39.8305    27.9179     6.7584    6.93098    6.94561     97.304     0.1759     0.2655 1.0000e-12    95.1559     0.1986      8.208   177.3597      0.422    21.9144    21.9144      20.19  1027.9197    27.9179  0.000e+00
      0.474    21.9159    39.8301    27.9172     6.7582    6.93082    6.94545     97.304     0.0782     0.3021 1.0000e-12    95.1559     0.1986      8.208   177.3597      0.477    21.9158    21.9158      20.20  1027.9193    27.9173  0.000e+00
      0.419    21.9163    39.8295    27.9166     6.7578    6.93080    6.94543     97.299    -0.0317     0.3571 1.0000e-12    95.1287     0.1998      8.208   177.3597      0.422    21.9163    21.9163      20.19  1027.9184    27.9167  0.000e+00
      0.474    21.9154    39.8315    27.9184     6.7578    6.93083    6.94546     97.297    -0.0561     0.3754 1.0000e-12    94.9929     0.2055      8.212   177.3597      0.477    21.9153    21.9153      20.19  1027.9205    27.9184  0.000e+00
      0.474    21.9134    39.8326    27.9198     6.7578    6.93103    6.94566     97.295    -0.0439     0.3693 1.0000e-12    94.9929     0.2055      8.212   177.3597      0.477    21.9133    21.9133      20.20  1027.9219    27.9199  0.000e+00
      0.419    21.9127    39.8319    27.9195     6.7620    6.93115    6.94578     97.354    -0.0439     0.3754 1.0000e-12    94.9929     0.2055      8.208   177.3597      0.422    21.9126    21.9126      20.20  1027.9214    27.9196  0.000e+00
      0.474    21.9111    39.8318    27.9199     6.7625    6.93135    6.94598     97.358    -0.0439     0.3754 1.0000e-12    94.9929     0.2055      8.208   177.3597      0.477    21.9110    21.9110      20.20  1027.9219    27.9199  0.000e+00
      0.474    21.9085    39.8313    27.9203     6.7629    6.93168    6.94631     97.360    -0.0439     0.3693 1.0000e-12    94.9929     0.2055      8.208   177.3597      0.477    21.9084    21.9084      20.20  1027.9223    27.9203  0.000e+00
      0.419    21.9064    39.8317    27.9212     6.7674    6.93193    6.94656     97.421    -0.0439     0.3693 1.0000e-12    94.9929     0.2055      8.208   177.3597      0.422    21.9063    21.9063      20.20  1027.9230    27.9212  0.000e+00
      0.474    21.9067    39.8325    27.9217     6.7676    6.93186    6.94649     97.425    -0.0439     0.3754 1.0000e-12    94.9929     0.2055      8.208   177.3597      0.477    21.9066    21.9066      20.20  1027.9237    27.9217  0.000e+00
      0.474    21.9074    39.8292    27.9189     6.7679    6.93190    6.94653     97.428    -0.0439     0.3693 1.0000e-12    94.9929     0.2055      8.212   177.3597      0.477    21.9073    21.9073      20.19  1027.9210    27.9190  0.000e+00
      0.419    21.9076    39.8305    27.9199     6.7634    6.93182    6.94645     97.365    -0.0439     0.3754 1.0000e-12    94.9929     0.2055      8.208   177.3597      0.422    21.9076    21.9076      20.20  1027.9217    27.9199  0.000e+00
      0.474    21.9074    39.8330    27.9218     6.7635    6.93175    6.94638     97.367    -0.0439     0.3693 1.0000e-12    94.9929     0.2055      8.208   177.3597      0.477    21.9073    21.9073      20.20  1027.9239    27.9219  0.000e+00
      0.474    21.9073    39.8332    27.9221     6.7633    6.93176    6.94639     97.364    -0.0439     0.3693 1.0000e-12    94.9929     0.2055      8.208   177.3597      0.477    21.9072    21.9072      20.20  1027.9242    27.9221  0.000e+00
      0.474    21.9071    39.8339    27.9226     6.7633    6.93175    6.94638     97.364    -0.0439     0.3693 1.0000e-12    94.9929     0.2055      8.208   177.3597      0.477    21.9070    21.9070      20.20  1027.9247    27.9226  0.000e+00
      0.419    21.9087    39.8356    27.9235     6.7629    6.93149    6.94612     97.363    -0.0439     0.3754 1.0000e-12    94.9929     0.2055      8.208   177.3597      0.422    21.9086    21.9086      20.20  1027.9253    27.9235  0.000e+00
      0.474    21.9120    39.8358    27.9227     6.7581    6.93107    6.94570     97.298    -0.0439     0.3693 1.0000e-12    94.9929     0.2055      8.208   177.3597      0.477    21.9119    21.9119      20.19  1027.9248    27.9228  0.000e+00
      0.357    21.9163    39.8362    27.9218     6.7573    6.93053    6.94516     97.295    -0.0439     0.3754 1.0000e-12    94.9929     0.2055      8.208   177.3597      0.359    21.9162    21.9162      20.20  1027.9233    27.9218  0.000e+00
      0.528    21.9212    39.8353    27.9197     6.7614    6.92996    6.94459     97.362    -0.0439     0.3693 1.0000e-12    94.9929     0.2055      8.208   177.3597      0.532    21.9211    21.9211      20.19  1027.9220    27.9197  0.000e+00
      0.419    21.9252    39.8356    27.9187     6.7609    6.92947    6.94411     97.361    -0.0439     0.3693 1.0000e-12    94.9929     0.2055      8.208   177.3597      0.422    21.9251    21.9251      20.20  1027.9206    27.9188  0.000e+00
      0.419    21.9294    39.8355    27.9175     6.7560    6.92894    6.94359     97.298    -0.0439     0.3693 1.0000e-12    94.9929     0.2055      8.208   177.3597      0.422    21.9293    21.9293      20.20  1027.9193    27.9175  0.000e+00
      0.419    21.9335    39.8360    27.9167     6.7597    6.92843    6.94308     97.358    -0.0439     0.3754 1.0000e-12    94.9929     0.2055      8.208   177.3597      0.422    21.9334    21.9334      20.20  1027.9185    27.9167  0.000e+00
      0.474    21.9367    39.8350    27.9150     6.7594    6.92807    6.94272     97.359    -0.0439     0.3754 1.0000e-12    94.9929     0.2055      8.208   177.3597      0.477    21.9366    21.9366      20.20  1027.9171    27.9151  0.000e+00
      0.419    21.9389    39.8343    27.9139     6.7546    6.92783    6.94248     97.294    -0.0439     0.3754 1.0000e-12    95.1016     0.2009      8.208   177.3597      0.422    21.9388    21.9388      20.19  1027.9157    27.9139  0.000e+00
      0.419    21.9398    39.8331    27.9127     6.7543    6.92777    6.94243     97.290    -0.0439     0.3693 1.0000e-12    95.1287     0.1998      8.208   177.3597      0.422    21.9397    21.9397      20.20  1027.9145    27.9127  0.000e+00
      0.419    21.9395    39.8333    27.9129     6.7540    6.92780    6.94246     97.286    -0.0439     0.3693 1.0000e-12    95.1287     0.1998      8.212   177.3597      0.422    21.9394    21.9394      20.19  1027.9147    27.9129  0.000e+00
      0.419    21.9399    39.8334    27.9128     6.7539    6.92774    6.94240     97.285    -0.0439     0.3693 1.0000e-12    95.1287     0.1998      8.208   177.3597      0.422    21.9398    21.9398      20.20  1027.9147    27.9129  0.000e+00
      0.419    21.9401    39.8332    27.9126     6.7582    6.92772    6.94238     97.348    -0.0439     0.3754 1.0000e-12    95.1287     0.1998      8.208   177.3597      0.422    21.9401    21.9401      20.20  1027.9144    27.9126  0.000e+00
      0.419    21.9401    39.8330    27.9125     6.7540    6.92773    6.94239     97.286     0.0660     0.3815 1.0000e-12    95.1287     0.1998      8.208   177.3597      0.422    21.9400    21.9400      20.19  1027.9143    27.9125  0.000e+00
      0.419    21.9395    39.8331    27.9128     6.7540    6.92781    6.94246     97.285     0.3224     0.4120 1.0000e-12    95.1287     0.1998      8.208   177.3597      0.422    21.9394    21.9394      20.20  1027.9146    27.9128  0.000e+00
