Data/RVJanan08101.cnv
* Sea-Bird SBE 9 Data File:
* FileName = C:\CruiseData\CTD911\RVJanan081\Hex\RVJanan08101.hex
* Software Version Seasave V 7.26.7.121
* Temperature SN = 5958
* Conductivity SN = 3674
* Number of Bytes Per Scan = 37
* Number of Voltage Words = 4
* Number of Scans Averaged by the Deck Unit = 1
* NMEA Latitude = 26 36.10 N
* NMEA Longitude = 051 17.44 E
* NMEA UTC (Time) = Jan 17 2020  08:22:52
* NMEA baud rate = 4800
** Ship: R/V JANAN
** Cruise: NPRP10Restore03-Jan20
** Station: Binzayan
** Bottom Depth [m]: 22
** Operator: MD
# nquan = 22
# nvalues = 6016                                  
# units = specified
# name 0 = depSM: Depth [salt water, m]
# name 1 = t090C: Temperature [ITS-90, deg C]
# name 2 = sal00: Salinity, Practical [PSU]
# name 3 = sigma-t00: Density [sigma-t, kg/m^3 ]
# name 4 = sbeox0Mg/L: Oxygen, SBE 43 [mg/l]
# name 5 = oxsatMg/L: Oxygen Saturation, Weiss [mg/l]
# name 6 = oxsolMg/L: Oxygen Saturation, Garcia & Gordon [mg/l]
# name 7 = sbeox0PS: Oxygen, SBE 43 [% saturation]
# name 8 = flECO-AFL: Fluorescence, WET Labs ECO-AFL/FL [mg/m^3]
# name 9 = turbWETntu0: Turbidity, WET Labs ECO [NTU]
# name 10 = par: PAR/Irradiance, Biospherical/Licor
# name 11 = xmiss: Beam Transmission, Chelsea/Seatech [%]
# name 12 = bat: Beam Attenuation, Chelsea/Seatech [1/m]
# name 13 = ph: pH
# name 14 = orp: Oxidation Reduction Potential [mV]
# name 15 = prDM: Pressure, Digiquartz [db]
# name 16 = potemp090C: Potential Temperature [ITS-90, deg C]
# name 17 = pta090C: Potential Temperature Anomaly [ITS-90, deg C], a0 = 0, a1 = 0
# name 18 = ptempC: Pressure Temperature [deg C]
# name 19 = density00: Density [density, kg/m^3]
# name 20 = sigma-é00: Density [sigma-theta, kg/m^3]
# name 21 = flag:  0.000e+00
# span 0 =      0.017,     23.126                 
# span 1 =    21.0068,    22.3911                 
# span 2 =     4.1480,    40.2973                 
# span 3 =     0.9714,    28.4303                 
# span 4 =     6.3358,     8.1677                 
# span 5 =    6.85995,    8.58624                 
# span 6 =    6.87484,    8.60358                 
# span 7 =     90.563,     95.186                 
# span 8 =     0.0904,     1.9585                 
# span 9 =     0.4120,    24.6550                 
# span 10 = 1.0000e-12, 1.0000e-12                
# span 11 =    78.6469,    90.4466                
# span 12 =     0.4016,     0.9608                
# span 13 =      8.052,      8.076                
# span 14 =   284.0127,   299.7682                
# span 15 =      0.017,     23.280                
# span 16 =    21.0068,    22.3911                
# span 17 =    21.0068,    22.3911                
# span 18 =      26.68,      26.88                
# span 19 =  1000.9714,  1028.5304                
# span 20 =     0.9714,    28.4316                
# span 21 = 0.0000e+00, 0.0000e+00                
# interval = seconds: 0.0416667
# start_time = Jan 17 2020 08:22:52 [NMEA time, header]
# bad_flag = -9.990e-29
*END*
[from data line 5663]
      1.800    21.9552    40.1666    28.1624     6.4677    6.91245    6.92705     93.369     0.4445     0.5891 1.0000e-12    88.6334     0.4826      8.071   284.6187      1.812    21.9548    21.9548      26.85  1028.1702    28.1625  0.000e+00
      1.917    21.9550    40.1665    28.1624     6.4632    6.91248    6.92707     93.303     0.4445     0.5891 1.0000e-12    88.6334     0.4826      8.071   284.6187      1.930    21.9546    21.9546      26.86  1028.1708    28.1626  0.000e+00
      1.862    21.9547    40.1668    28.1627     6.4627    6.91251    6.92710     93.296     0.4445     0.5830 1.0000e-12    88.6063     0.4839      8.071   284.6187      1.875    21.9543    21.9543      26.83  1028.1708    28.1628  0.000e+00
      1.917    21.9550    40.1665    28.1624     6.4623    6.91248    6.92708     93.290     0.4445     0.5830 1.0000e-12    88.5792     0.4851      8.071   284.6187      1.930    21.9546    21.9546      26.85  1028.1707    28.1625  0.000e+00
      1.862    21.9550    40.1667    28.1626     6.4572    6.91247    6.92706     93.216     0.4445     0.5830 1.0000e-12    88.4980     0.4888      8.071   285.2246      1.875    21.9546    21.9546      26.85  1028.1707    28.1627  0.000e+00
      1.862    21.9550    40.1669    28.1627     6.4607    6.91246    6.92706     93.268     0.4445     0.5891 1.0000e-12    88.4710     0.4900      8.071   284.6187      1.875    21.9546    21.9546      26.85  1028.1708    28.1628  0.000e+00
      1.862    21.9550    40.1668    28.1627     6.4602    6.91246    6.92706     93.260     0.4323     0.5891 1.0000e-12    88.4710     0.4900      8.071   285.2246      1.875    21.9546    21.9546      26.85  1028.1708    28.1628  0.000e+00
      1.862    21.9550    40.1669    28.1627     6.4599    6.91246    6.92706     93.256     0.4201     0.5891 1.0000e-12    88.4710     0.4900      8.071   284.6187      1.875    21.9546    21.9546      26.85  1028.1708    28.1628  0.000e+00
      1.862    21.9554    40.1665    28.1623     6.4549    6.91243    6.92702     93.185     0.4201     0.5830 1.0000e-12    88.4710     0.4900      8.071   285.2246      1.875    21.9550    21.9550      26.85  1028.1704    28.1624  0.000e+00
      1.917    21.9557    40.1664    28.1621     6.4589    6.91239    6.92699     93.242     0.4201     0.5891 1.0000e-12    88.4710     0.4900      8.071   285.2246      1.930    21.9553    21.9553      26.85  1028.1705    28.1623  0.000e+00
      1.862    21.9559    40.1664    28.1621     6.4538    6.91237    6.92697     93.168     0.4201     0.5830 1.0000e-12    88.4710     0.4900      8.071   284.6187      1.875    21.9555    21.9555      26.85  1028.1702    28.1622  0.000e+00
      1.917    21.9561    40.1662    28.1618     6.4573    6.91235    6.92695     93.220     0.4201     0.5891 1.0000e-12    88.4980     0.4888      8.071   284.6187      1.930    21.9557    21.9557      26.86  1028.1702    28.1620  0.000e+00
      1.800    21.9563    40.1660    28.1617     6.4568    6.91234    6.92694     93.213     0.4201     0.5891 1.0000e-12    88.4710     0.4900      8.071   284.6187      1.812    21.9559    21.9559      26.85  1028.1695    28.1618  0.000e+00
      1.917    21.9565    40.1660    28.1616     6.4563    6.91231    6.92691     93.206     0.4201     0.5830 1.0000e-12    88.4980     0.4888      8.071   284.6187      1.930    21.9561    21.9561      26.85  1028.1700    28.1618  0.000e+00
      1.862    21.9568    40.1659    28.1615     6.4515    6.91228    6.92688     93.137     0.4201     0.5830 1.0000e-12    88.4710     0.4900      8.071   284.6187      1.875    21.9564    21.9564      26.85  1028.1695    28.1616  0.000e+00
      1.862    21.9574    40.1656    28.1610     6.4551    6.91222    6.92682     93.190     0.4201     0.5891 1.0000e-12    88.4980     0.4888      8.071   284.6187      1.875    21.9570    21.9570      26.83  1028.1691    28.1611  0.000e+00
      1.917    21.9571    40.1659    28.1614     6.4588    6.91224    6.92683     93.243     0.4201     0.5891 1.0000e-12    88.4980     0.4888      8.071   284.6187      1.930    21.9567    21.9567      26.85  1028.1697    28.1615  0.000e+00
      1.800    21.9568    40.1660    28.1615     6.4543    6.91227    6.92687     93.178     0.4201     0.5891 1.0000e-12    88.4710     0.4900      8.071   284.6187      1.812    21.9565    21.9565      26.83  1028.1693    28.1616  0.000e+00
      1.917    21.9568    40.1665    28.1619     6.4544    6.91226    6.92686     93.179     0.4201     0.5830 1.0000e-12    88.4710     0.4900      8.071   284.6187      1.930    21.9564    21.9564      26.85  1028.1702    28.1620  0.000e+00
      1.862    21.9568    40.1663    28.1618     6.4588    6.91226    6.92686     93.243     0.4201     0.5891 1.0000e-12    88.4980     0.4888      8.071   284.6187      1.875    21.9564    21.9564      26.86  1028.1699    28.1619  0.000e+00
      1.862    21.9574    40.1660    28.1613     6.4588    6.91220    6.92680     93.244     0.4201     0.5830 1.0000e-12    88.4710     0.4900      8.071   284.6187      1.875    21.9570    21.9570      26.85  1028.1694    28.1614  0.000e+00
      1.863    21.9577    40.1658    28.1611     6.4635    6.91217    6.92677     93.313     0.4201     0.5891 1.0000e-12    88.4980     0.4888      8.071   285.2246      1.875    21.9573    21.9573      26.86  1028.1692    28.1612  0.000e+00
      1.863    21.9574    40.1661    28.1614     6.4595    6.91220    6.92680     93.254     0.4201     0.5891 1.0000e-12    88.4710     0.4900      8.071   285.2246      1.875    21.9570    21.9570      26.85  1028.1695    28.1615  0.000e+00
      1.863    21.9571    40.1666    28.1619     6.4687    6.91221    6.92681     93.387     0.4201     0.5891 1.0000e-12    88.4710     0.4900      8.071   285.2246      1.875    21.9568    21.9568      26.83  1028.1700    28.1620  0.000e+00
      1.863    21.9574    40.1667    28.1619     6.4651    6.91217    6.92677     93.335     0.4201     0.5830 1.0000e-12    88.5251     0.4875      8.071   285.2246      1.875    21.9570    21.9570      26.85  1028.1700    28.1620  0.000e+00
      1.917    21.9574    40.1669    28.1620     6.4660    6.91217    6.92677     93.349     0.4201     0.5830 1.0000e-12    88.5522     0.4863      8.071   284.6187      1.930    21.9570    21.9570      26.83  1028.1703    28.1621  0.000e+00
      1.863    21.9579    40.1660    28.1612     6.4666    6.91214    6.92673     93.358     0.4201     0.5830 1.0000e-12    88.5522     0.4863      8.071   285.2246      1.875    21.9575    21.9575      26.83  1028.1693    28.1613  0.000e+00
      1.863    21.9593    40.1649    28.1600     6.4669    6.91201    6.92661     93.364     0.4201     0.5830 1.0000e-12    88.5251     0.4875      8.071   284.6187      1.875    21.9589    21.9589      26.85  1028.1681    28.1601  0.000e+00
      1.800    21.9591    40.1649    28.1600     6.4720    6.91203    6.92663     93.437     0.4201     0.5830 1.0000e-12    88.5251     0.4875      8.076   284.6187      1.812    21.9588    21.9588      26.83  1028.1679    28.1601  0.000e+00
      1.863    21.9587    40.1655    28.1606     6.4731    6.91207    6.92667     93.451     0.4201     0.5891 1.0000e-12    88.5522     0.4863      8.071   284.6187      1.875    21.9583    21.9583      26.85  1028.1687    28.1607  0.000e+00
      1.863    21.9582    40.1661    28.1612     6.4787    6.91210    6.92670     93.532     0.4201     0.5891 1.0000e-12    88.5522     0.4863      8.071   284.6187      1.875    21.9578    21.9578      26.86  1028.1693    28.1613  0.000e+00
      1.863    21.9577    40.1668    28.1618     6.4799    6.91213    6.92673     93.550     0.4201     0.5830 1.0000e-12    88.5522     0.4863      8.071   284.6187      1.875    21.9574    21.9574      26.85  1028.1699    28.1619  0.000e+00
      1.863    21.9577    40.1664    28.1615     6.4812    6.91215    6.92675     93.567     0.4201     0.5891 1.0000e-12    88.5522     0.4863      8.071   284.6187      1.875    21.9573    21.9573      26.85  1028.1696    28.1617  0.000e+00
      1.863    21.9577    40.1661    28.1614     6.4779    6.91215    6.92675     93.521     0.4201     0.5830 1.0000e-12    88.5522     0.4863      8.071   284.6187      1.875    21.9574    21.9574      26.85  1028.1695    28.1615  0.000e+00
      1.800    21.9580    40.1664    28.1615     6.4788    6.91211    6.92671     93.534     0.4079     0.5708 1.0000e-12    88.5522     0.4863      8.071   284.6187      1.812    21.9577    21.9577      26.85  1028.1693    28.1616  0.000e+00
      1.863    21.9579    40.1664    28.1615     6.4843    6.91212    6.92672     93.613     0.4079     0.5769 1.0000e-12    88.5522     0.4863      8.071   284.6187      1.875    21.9575    21.9575      26.85  1028.1696    28.1616  0.000e+00
      1.863    21.9580    40.1662    28.1613     6.4811    6.91211    6.92671     93.566     0.4079     0.5708 1.0000e-12    88.5522     0.4863      8.071   285.2246      1.875    21.9577    21.9577      26.85  1028.1694    28.1614  0.000e+00
      1.863    21.9580    40.1659    28.1611     6.4821    6.91213    6.92672     93.581     0.4079     0.5708 1.0000e-12    88.5522     0.4863      8.071   285.2246      1.875    21.9577    21.9577      26.85  1028.1692    28.1612  0.000e+00
      1.800    21.9577    40.1664    28.1616     6.4872    6.91214    6.92674     93.655     0.4079     0.5769 1.0000e-12    88.5522     0.4863      8.071   284.6187      1.812    21.9574    21.9574      26.85  1028.1694    28.1617  0.000e+00
      1.863    21.9575    40.1669    28.1620     6.4883    6.91215    6.92675     93.670     0.4079     0.5769 1.0000e-12    88.5522     0.4863      8.071   284.6187      1.875    21.9571    21.9571      26.85  1028.1701    28.1621  0.000e+00
      1.863    21.9579    40.1667    28.1617     6.4889    6.91211    6.92671     93.680     0.4079     0.5769 1.0000e-12    88.5522     0.4863      8.071   284.6187      1.875    21.9575    21.9575      26.85  1028.1698    28.1618  0.000e+00
      1.863    21.9580    40.1665    28.1616     6.4899    6.91210    6.92670     93.694     0.4079     0.5830 1.0000e-12    88.5522     0.4863      8.071   285.2246      1.875    21.9577    21.9577      26.83  1028.1697    28.1617  0.000e+00
      1.800    21.9585    40.1659    28.1610     6.4863    6.91207    6.92667     93.643     0.4079     0.5708 1.0000e-12    88.5522     0.4863      8.071   284.6187      1.812    21.9581    21.9581      26.85  1028.1688    28.1611  0.000e+00
      1.863    21.9591    40.1652    28.1603     6.4868    6.91202    6.92662     93.650     0.4079     0.5769 1.0000e-12    88.5251     0.4875      8.071   284.6187      1.875    21.9588    21.9588      26.85  1028.1683    28.1604  0.000e+00
      1.863    21.9596    40.1651    28.1600     6.4869    6.91197    6.92657     93.653     0.4079     0.5708 1.0000e-12    88.6063     0.4839      8.071   284.6187      1.875    21.9592    21.9592      26.85  1028.1681    28.1601  0.000e+00
      1.863    21.9590    40.1657    28.1607     6.4874    6.91202    6.92662     93.659     0.4079     0.5708 1.0000e-12    88.6334     0.4826      8.071   284.6187      1.875    21.9586    21.9586      26.85  1028.1688    28.1608  0.000e+00
      1.800    21.9586    40.1660    28.1610     6.4920    6.91205    6.92665     93.725     0.4079     0.5769 1.0000e-12    88.6604     0.4814      8.076   284.6187      1.812    21.9582    21.9582      26.85  1028.1689    28.1611  0.000e+00
      1.863    21.9590    40.1654    28.1604     6.4924    6.91203    6.92663     93.731     0.4079     0.5708 1.0000e-12    88.6334     0.4826      8.071   284.6187      1.875    21.9586    21.9586      26.85  1028.1685    28.1605  0.000e+00
      1.800    21.9586    40.1659    28.1609     6.4927    6.91206    6.92666     93.736     0.4079     0.5708 1.0000e-12    88.6334     0.4826      8.071   284.6187      1.812    21.9582    21.9582      26.85  1028.1688    28.1610  0.000e+00
      1.863    21.9587    40.1660    28.1610     6.4975    6.91205    6.92665     93.805     0.4079     0.5769 1.0000e-12    88.6334     0.4826      8.076   284.6187      1.875    21.9583    21.9583      26.85  1028.1691    28.1611  0.000e+00
      1.863    21.9586    40.1663    28.1612     6.4934    6.91204    6.92664     93.745     0.4079     0.5769 1.0000e-12    88.6334     0.4826      8.071   284.6187      1.875    21.9582    21.9582      26.85  1028.1693    28.1613  0.000e+00
      1.800    21.9587    40.1661    28.1611     6.4977    6.91204    6.92664     93.808     0.4079     0.5769 1.0000e-12    88.6334     0.4826      8.071   284.6187      1.812    21.9583    21.9583      26.85  1028.1689    28.1612  0.000e+00
      1.863    21.9586    40.1663    28.1612     6.4936    6.91204    6.92664     93.748     0.4079     0.5769 1.0000e-12    88.6334     0.4826      8.071   285.2246      1.875    21.9582    21.9582      26.85  1028.1693    28.1613  0.000e+00
      1.863    21.9585    40.1663    28.1612     6.4888    6.91206    6.92666     93.679     0.4079     0.5708 1.0000e-12    88.6334     0.4826      8.071   284.6187      1.875    21.9581    21.9581      26.85  1028.1693    28.1613  0.000e+00
      1.800    21.9584    40.1660    28.1611     6.4929    6.91208    6.92668     93.737     0.4079     0.5769 1.0000e-12    88.6334     0.4826      8.071   284.6187      1.812    21.9580    21.9580      26.85  1028.1689    28.1612  0.000e+00
      1.863    21.9580    40.1667    28.1617     6.4883    6.91209    6.92669     93.671     0.4079     0.5708 1.0000e-12    88.6334     0.4826      8.071   284.6187      1.875    21.9577    21.9577      26.85  1028.1698    28.1618  0.000e+00
      1.801    21.9583    40.1667    28.1616     6.4922    6.91206    6.92666     93.728     0.4079     0.5708 1.0000e-12    88.6334     0.4826      8.071   284.6187      1.812    21.9579    21.9579      26.85  1028.1694    28.1617  0.000e+00
      1.863    21.9580    40.1664    28.1615     6.4918    6.91211    6.92670     93.722     0.4079     0.5769 1.0000e-12    88.6334     0.4826      8.071   284.6187      1.875    21.9577    21.9577      26.85  1028.1696    28.1616  0.000e+00
      1.801    21.9583    40.1663    28.1613     6.4915    6.91208    6.92668     93.717     0.4201     0.5708 1.0000e-12    88.6334     0.4826      8.071   284.6187      1.812    21.9579    21.9579      26.85  1028.1691    28.1614  0.000e+00
      1.801    21.9582    40.1667    28.1616     6.4953    6.91207    6.92667     93.773     0.4079     0.5769 1.0000e-12    88.6334     0.4826      8.071   285.2246      1.812    21.9579    21.9579      26.85  1028.1694    28.1617  0.000e+00
      1.863    21.9579    40.1668    28.1618     6.4997    6.91211    6.92670     93.835     0.4201     0.5646 1.0000e-12    88.6334     0.4826      8.071   284.6187      1.875    21.9575    21.9575      26.85  1028.1699    28.1619  0.000e+00
      1.863    21.9579    40.1667    28.1618     6.4909    6.91211    6.92671     93.708     0.4323     0.5463 1.0000e-12    88.6334     0.4826      8.071   284.6187      1.875    21.9575    21.9575      26.85  1028.1698    28.1619  0.000e+00
      1.801    21.9581    40.1668    28.1618     6.4903    6.91208    6.92668     93.700     0.4323     0.5402 1.0000e-12    88.6334     0.4826      8.071   284.6187      1.812    21.9577    21.9577      26.85  1028.1696    28.1619  0.000e+00
      1.801    21.9579    40.1669    28.1619     6.4940    6.91211    6.92671     93.753     0.4323     0.5463 1.0000e-12    88.6334     0.4826      8.071   284.6187      1.812    21.9575    21.9575      26.85  1028.1697    28.1620  0.000e+00
      1.863    21.9580    40.1665    28.1616     6.4937    6.91210    6.92670     93.749     0.4323     0.5463 1.0000e-12    88.6604     0.4814      8.071   285.2246      1.875    21.9577    21.9577      26.85  1028.1697    28.1617  0.000e+00
