Data/RVJanan08101.cnv
* Sea-Bird SBE 9 Data File:
* FileName = C:\CruiseData\CTD911\RVJanan081\Hex\RVJanan08101.hex
* Software Version Seasave V 7.26.7.121
* Temperature SN = 5958
* Conductivity SN = 3674
* Number of Bytes Per Scan = 37
* Number of Voltage Words = 4
* Number of Scans Averaged by the Deck Unit = 1
* NMEA Latitude = 26 36.10 N
* NMEA Longitude = 051 17.44 E
* NMEA UTC (Time) = Jan 17 2020  08:22:52
* NMEA baud rate = 4800
** Ship: R/V JANAN
** Cruise: NPRP10Restore03-Jan20
** Station: Binzayan
** Bottom Depth [m]: 22
** Operator: MD
# nquan = 22
# nvalues = 6016                                  
# units = specified
# name 0 = depSM: Depth [salt water, m]
# name 1 = t090C: Temperature [ITS-90, deg C]
# name 2 = sal00: Salinity, Practical [PSU]
# name 3 = sigma-t00: Density [sigma-t, kg/m^3 ]
# name 4 = sbeox0Mg/L: Oxygen, SBE 43 [mg/l]
# name 5 = oxsatMg/L: Oxygen Saturation, Weiss [mg/l]
# name 6 = oxsolMg/L: Oxygen Saturation, Garcia & Gordon [mg/l]
# name 7 = sbeox0PS: Oxygen, SBE 43 [% saturation]
# name 8 = flECO-AFL: Fluorescence, WET Labs ECO-AFL/FL [mg/m^3]
# name 9 = turbWETntu0: Turbidity, WET Labs ECO [NTU]
# name 10 = par: PAR/Irradiance, Biospherical/Licor
# name 11 = xmiss: Beam Transmission, Chelsea/Seatech [%]
# name 12 = bat: Beam Attenuation, Chelsea/Seatech [1/m]
# name 13 = ph: pH
# name 14 = orp: Oxidation Reduction Potential [mV]
# name 15 = prDM: Pressure, Digiquartz [db]
# name 16 = potemp090C: Potential Temperature [ITS-90, deg C]
# name 17 = pta090C: Potential Temperature Anomaly [ITS-90, deg C], a0 = 0, a1 = 0
# name 18 = ptempC: Pressure Temperature [deg C]
# name 19 = density00: Density [density, kg/m^3]
# name 20 = sigma-é00: Density [sigma-theta, kg/m^3]
# name 21 = flag:  0.000e+00
# span 0 =      0.017,     23.126                 
# span 1 =    21.0068,    22.3911                 
# span 2 =     4.1480,    40.2973                 
# span 3 =     0.9714,    28.4303                 
# span 4 =     6.3358,     8.1677                 
# span 5 =    6.85995,    8.58624                 
# span 6 =    6.87484,    8.60358                 
# span 7 =     90.563,     95.186                 
# span 8 =     0.0904,     1.9585                 
# span 9 =     0.4120,    24.6550                 
# span 10 = 1.0000e-12, 1.0000e-12                
# span 11 =    78.6469,    90.4466                
# span 12 =     0.4016,     0.9608                
# span 13 =      8.052,      8.076                
# span 14 =   284.0127,   299.7682                
# span 15 =      0.017,     23.280                
# span 16 =    21.0068,    22.3911                
# span 17 =    21.0068,    22.3911                
# span 18 =      26.68,      26.88                
# span 19 =  1000.9714,  1028.5304                
# span 20 =     0.9714,    28.4316                
# span 21 = 0.0000e+00, 0.0000e+00                
# interval = seconds: 0.0416667
# start_time = Jan 17 2020 08:22:52 [NMEA time, header]
# bad_flag = -9.990e-29
*END*
[from data line 2766]
     20.906    21.6832    40.2277    28.2869     6.3795    6.94339    6.95777     91.688     0.7131     0.6318 1.0000e-12    89.7430     0.4329      8.068   290.6785     21.044    21.6790    21.6790      26.78  1028.3777    28.2881  0.000e+00
     20.843    21.6720    40.2333    28.2943     6.3850    6.94454    6.95891     91.753     0.7131     0.6257 1.0000e-12    89.7430     0.4329      8.068   290.6785     20.982    21.6678    21.6678      26.78  1028.3849    28.2955  0.000e+00
     20.843    21.6713    40.2446    28.3031     6.3802    6.94418    6.95854     91.688     0.7131     0.6318 1.0000e-12    89.7430     0.4329      8.068   290.6785     20.982    21.6671    21.6671      26.78  1028.3937    28.3043  0.000e+00
     20.843    21.6866    40.2490    28.3021     6.3869    6.94211    6.95649     91.813     0.7131     0.6318 1.0000e-12    89.7430     0.4329      8.068   290.6785     20.982    21.6824    21.6824      26.78  1028.3927    28.3033  0.000e+00
     20.843    21.7018    40.2461    28.2956     6.3764    6.94035    6.95474     91.684     0.7131     0.6318 1.0000e-12    89.7430     0.4329      8.063   290.0725     20.982    21.6976    21.6976      26.78  1028.3862    28.2968  0.000e+00
     20.843    21.7126    40.2412    28.2887     6.3792    6.93922    6.95362     91.739     0.7131     0.6318 1.0000e-12    89.7430     0.4329      8.067   290.6785     20.982    21.7084    21.7084      26.78  1028.3793    28.2899  0.000e+00
     20.843    21.7185    40.2361    28.2832     6.3784    6.93870    6.95310     91.734     0.7131     0.6318 1.0000e-12    89.7430     0.4329      8.063   290.6785     20.982    21.7143    21.7143      26.78  1028.3738    28.2844  0.000e+00
     20.843    21.7128    40.2294    28.2797     6.3745    6.93967    6.95407     91.666     0.7131     0.6318 1.0000e-12    89.7430     0.4329      8.067   290.6785     20.982    21.7086    21.7086      26.78  1028.3703    28.2809  0.000e+00
     20.843    21.6960    40.2280    28.2834     6.3849    6.94180    6.95619     91.788     0.7131     0.6318 1.0000e-12    89.7430     0.4329      8.063   290.6785     20.982    21.6918    21.6918      26.78  1028.3741    28.2846  0.000e+00
     20.906    21.6823    40.2300    28.2889     6.3819    6.94341    6.95779     91.723     0.7131     0.6318 1.0000e-12    89.7430     0.4329      8.068   290.6785     21.045    21.6781    21.6781      26.78  1028.3798    28.2901  0.000e+00
     20.843    21.6761    40.2368    28.2958     6.3818    6.94389    6.95826     91.716     0.7131     0.6257 1.0000e-12    89.6618     0.4365      8.063   290.6785     20.982    21.6719    21.6719      26.78  1028.3864    28.2970  0.000e+00
     20.843    21.6804    40.2434    28.2996     6.3805    6.94310    6.95748     91.707     0.7131     0.6318 1.0000e-12    89.5535     0.4413      8.063   290.6785     20.982    21.6762    21.6762      26.78  1028.3902    28.3008  0.000e+00
     20.906    21.6899    40.2464    28.2992     6.3789    6.94181    6.95619     91.701     0.7131     0.6257 1.0000e-12    89.5265     0.4425      8.063   290.0725     21.045    21.6857    21.6857      26.78  1028.3901    28.3004  0.000e+00
     20.789    21.6991    40.2455    28.2959     6.3817    6.94071    6.95510     91.756     0.7131     0.6318 1.0000e-12    89.5265     0.4425      8.068   290.0725     20.927    21.6949    21.6949      26.78  1028.3862    28.2971  0.000e+00
     20.906    21.7076    40.2424    28.2911     6.3806    6.93979    6.95418     91.752     0.7131     0.6318 1.0000e-12    89.5265     0.4425      8.063   290.6785     21.045    21.7033    21.7033      26.78  1028.3820    28.2923  0.000e+00
     20.844    21.7154    40.2393    28.2865     6.3841    6.93895    6.95335     91.813     0.7131     0.6318 1.0000e-12    89.5265     0.4425      8.063   290.6785     20.982    21.7112    21.7112      26.78  1028.3771    28.2877  0.000e+00
     20.844    21.7206    40.2378    28.2839     6.3789    6.93838    6.95278     91.746     0.7131     0.6318 1.0000e-12    89.5265     0.4425      8.067   290.6785     20.982    21.7163    21.7163      26.78  1028.3745    28.2851  0.000e+00
     20.844    21.7240    40.2361    28.2816     6.3826    6.93802    6.95243     91.803     0.7131     0.6318 1.0000e-12    89.5265     0.4425      8.067   290.6785     20.982    21.7198    21.7198      26.78  1028.3722    28.2828  0.000e+00
     20.844    21.7261    40.2353    28.2804     6.3823    6.93779    6.95220     91.803     0.7131     0.6318 1.0000e-12    89.5265     0.4425      8.067   290.6785     20.982    21.7219    21.7219      26.78  1028.3710    28.2816  0.000e+00
     20.844    21.7273    40.2348    28.2797     6.3777    6.93767    6.95208     91.738     0.7131     0.6257 1.0000e-12    89.5265     0.4425      8.063   290.6785     20.982    21.7231    21.7231      26.78  1028.3703    28.2809  0.000e+00
     20.906    21.7281    40.2343    28.2791     6.3817    6.93758    6.95200     91.797     0.7131     0.6318 1.0000e-12    89.5265     0.4425      8.063   290.6785     21.045    21.7239    21.7239      26.78  1028.3699    28.2803  0.000e+00
     20.844    21.7285    40.2343    28.2790     6.3859    6.93753    6.95195     91.857     0.7131     0.6379 1.0000e-12    89.5265     0.4425      8.067   290.6785     20.982    21.7243    21.7243      26.78  1028.3696    28.2802  0.000e+00
     20.844    21.7287    40.2343    28.2789     6.3861    6.93752    6.95193     91.861     0.7131     0.6257 1.0000e-12    89.5535     0.4413      8.063   290.6785     20.982    21.7244    21.7244      26.78  1028.3695    28.2801  0.000e+00
     20.859    21.7289    40.2344    28.2789     6.3860    6.93749    6.95190     91.860     0.7375     0.6074 1.0000e-12    89.5265     0.4425      8.067   290.6785     20.998    21.7247    21.7247      26.78  1028.3696    28.2801  0.000e+00
     20.844    21.7291    40.2343    28.2788     6.3863    6.93747    6.95188     91.864     0.7497     0.5952 1.0000e-12    89.5265     0.4425      8.063   290.6785     20.982    21.7248    21.7248      26.78  1028.3694    28.2800  0.000e+00
     20.906    21.7290    40.2344    28.2789     6.3862    6.93747    6.95189     91.862     0.7497     0.5952 1.0000e-12    89.5265     0.4425      8.063   290.6785     21.045    21.7248    21.7248      26.78  1028.3697    28.2801  0.000e+00
     20.844    21.7292    40.2342    28.2787     6.3861    6.93745    6.95187     91.861     0.7497     0.5952 1.0000e-12    89.5535     0.4413      8.063   290.6785     20.982    21.7250    21.7250      26.78  1028.3693    28.2799  0.000e+00
     20.844    21.7292    40.2342    28.2787     6.3904    6.93745    6.95187     91.924     0.7497     0.5952 1.0000e-12    89.5265     0.4425      8.063   290.6785     20.982    21.7250    21.7250      26.78  1028.3693    28.2799  0.000e+00
     20.844    21.7290    40.2346    28.2791     6.3997    6.93746    6.95187     92.057     0.7497     0.6074 1.0000e-12    89.5265     0.4425      8.067   290.6785     20.982    21.7248    21.7248      26.78  1028.3697    28.2803  0.000e+00
     20.844    21.7291    40.2344    28.2789     6.3960    6.93747    6.95188     92.004     0.7497     0.5952 1.0000e-12    89.5265     0.4425      8.063   290.6785     20.982    21.7248    21.7248      26.78  1028.3695    28.2801  0.000e+00
     20.844    21.7291    40.2343    28.2788     6.3964    6.93747    6.95188     92.010     0.7497     0.5952 1.0000e-12    89.5806     0.4401      8.067   290.6785     20.982    21.7248    21.7248      26.78  1028.3694    28.2800  0.000e+00
     20.844    21.7289    40.2345    28.2790     6.4057    6.93748    6.95190     92.143     0.7497     0.6013 1.0000e-12    89.7159     0.4341      8.063   290.6785     20.982    21.7247    21.7247      26.78  1028.3696    28.2802  0.000e+00
     20.906    21.7281    40.2335    28.2784     6.4069    6.93762    6.95203     92.158     0.7497     0.6013 1.0000e-12    89.7971     0.4305      8.063   290.6785     21.045    21.7239    21.7239      26.78  1028.3693    28.2797  0.000e+00
     20.789    21.7227    40.2341    28.2804     6.4083    6.93826    6.95267     92.171     0.7497     0.5952 1.0000e-12    89.7971     0.4305      8.067   290.0725     20.927    21.7185    21.7185      26.78  1028.3708    28.2816  0.000e+00
     20.906    21.7184    40.2356    28.2829     6.4139    6.93873    6.95313     92.245     0.7497     0.5952 1.0000e-12    89.7971     0.4305      8.067   290.6785     21.045    21.7142    21.7142      26.78  1028.3737    28.2841  0.000e+00
     20.844    21.7203    40.2358    28.2824     6.4233    6.93849    6.95290     92.383     0.7497     0.6074 1.0000e-12    89.7700     0.4317      8.063   290.6785     20.982    21.7161    21.7161      26.78  1028.3730    28.2836  0.000e+00
     20.844    21.7235    40.2355    28.2813     6.4242    6.93811    6.95252     92.402     0.7497     0.6013 1.0000e-12    89.7700     0.4317      8.067   290.6785     20.982    21.7193    21.7193      26.78  1028.3719    28.2825  0.000e+00
     20.907    21.7240    40.2322    28.2787     6.4209    6.93818    6.95259     92.352     0.7497     0.5952 1.0000e-12    89.7971     0.4305      8.063   290.6785     21.045    21.7198    21.7198      26.78  1028.3695    28.2799  0.000e+00
     20.789    21.7183    40.2312    28.2795     6.4269    6.93892    6.95333     92.429     0.7497     0.5952 1.0000e-12    89.7700     0.4317      8.067   290.6785     20.927    21.7141    21.7141      26.78  1028.3699    28.2807  0.000e+00
     20.844    21.7106    40.2329    28.2830     6.4246    6.93980    6.95420     92.385     0.7497     0.6013 1.0000e-12    89.7700     0.4317      8.063   290.6785     20.983    21.7064    21.7064      26.78  1028.3736    28.2842  0.000e+00
     20.844    21.7076    40.2332    28.2841     6.4346    6.94016    6.95456     92.523     0.7497     0.6074 1.0000e-12    89.7971     0.4305      8.067   290.6785     20.983    21.7034    21.7034      26.78  1028.3747    28.2853  0.000e+00
     20.844    21.7027    40.2336    28.2858     6.4315    6.94075    6.95514     92.471     0.7497     0.5952 1.0000e-12    89.7700     0.4317      8.063   290.0725     20.983    21.6985    21.6985      26.77  1028.3764    28.2870  0.000e+00
     20.844    21.6991    40.2358    28.2885     6.4328    6.94111    6.95549     92.485     0.7497     0.5952 1.0000e-12    89.7971     0.4305      8.063   290.6785     20.983    21.6949    21.6949      26.78  1028.3791    28.2897  0.000e+00
     20.844    21.7012    40.2379    28.2895     6.4377    6.94075    6.95514     92.561     0.7497     0.6013 1.0000e-12    89.7971     0.4305      8.067   290.0725     20.983    21.6970    21.6970      26.78  1028.3801    28.2907  0.000e+00
     20.844    21.7056    40.2384    28.2886     6.4426    6.94020    6.95459     92.638     0.7497     0.6013 1.0000e-12    89.7971     0.4305      8.063   290.6785     20.983    21.7014    21.7014      26.78  1028.3792    28.2898  0.000e+00
     20.907    21.7076    40.2365    28.2866     6.4435    6.94003    6.95443     92.654     0.7497     0.6013 1.0000e-12    89.7971     0.4305      8.063   290.0725     21.046    21.7033    21.7033      26.78  1028.3774    28.2878  0.000e+00
     20.790    21.7045    40.2370    28.2878     6.4448    6.94039    6.95478     92.667     0.7497     0.5952 1.0000e-12    89.7971     0.4305      8.063   290.6785     20.928    21.7003    21.7003      26.78  1028.3782    28.2890  0.000e+00
     20.844    21.7009    40.2366    28.2886     6.4508    6.94085    6.95524     92.748     0.7497     0.6013 1.0000e-12    89.7971     0.4305      8.063   290.6785     20.983    21.6967    21.6967      26.78  1028.3792    28.2898  0.000e+00
     20.844    21.6905    40.2284    28.2853     6.4489    6.94246    6.95684     92.699     0.7497     0.5952 1.0000e-12    89.7700     0.4317      8.063   290.6785     20.983    21.6863    21.6863      26.78  1028.3759    28.2865  0.000e+00
     20.844    21.6581    40.2281    28.2943     6.4578    6.94647    6.96083     92.773     0.7497     0.5891 1.0000e-12    89.7971     0.4305      8.063   290.0725     20.983    21.6539    21.6539      26.78  1028.3849    28.2955  0.000e+00
     20.844    21.6352    40.2447    28.3135     6.4607    6.94862    6.96296     92.787     0.7742     0.5646 1.0000e-12    89.7430     0.4329      8.063   290.0725     20.983    21.6310    21.6310      26.77  1028.4041    28.3147  0.000e+00
     20.844    21.6490    40.2526    28.3156     6.4635    6.94660    6.96095     92.854     0.7864     0.5585 1.0000e-12    89.5535     0.4413      8.068   290.0725     20.983    21.6448    21.6448      26.78  1028.4062    28.3168  0.000e+00
     20.844    21.6686    40.2478    28.3063     6.4621    6.94438    6.95874     92.864     0.7864     0.5524 1.0000e-12    89.4723     0.4450      8.063   290.0725     20.983    21.6644    21.6644      26.78  1028.3970    28.3075  0.000e+00
     20.844    21.6773    40.2419    28.2994     6.4616    6.94354    6.95791     92.866     0.7864     0.5524 1.0000e-12    89.4453     0.4462      8.063   290.0725     20.983    21.6731    21.6731      26.78  1028.3900    28.3006  0.000e+00
     20.844    21.6839    40.2375    28.2941     6.4613    6.94291    6.95729     92.871     0.7864     0.5524 1.0000e-12    89.4723     0.4450      8.063   290.0725     20.983    21.6797    21.6797      26.78  1028.3847    28.2953  0.000e+00
     20.844    21.6922    40.2339    28.2890     6.4651    6.94203    6.95641     92.937     0.7864     0.5585 1.0000e-12    89.4723     0.4450      8.063   290.6785     20.983    21.6880    21.6880      26.78  1028.3796    28.2902  0.000e+00
     20.844    21.6980    40.2330    28.2867     6.4689    6.94135    6.95574     93.001     0.7864     0.5585 1.0000e-12    89.4723     0.4450      8.068   290.0725     20.983    21.6938    21.6938      26.78  1028.3773    28.2879  0.000e+00
     20.844    21.6980    40.2370    28.2897     6.4650    6.94119    6.95558     92.947     0.7864     0.5524 1.0000e-12    89.4723     0.4450      8.063   290.0725     20.983    21.6938    21.6938      26.78  1028.3803    28.2909  0.000e+00
     20.845    21.6972    40.2415    28.2933     6.4649    6.94110    6.95549     92.947     0.7864     0.5585 1.0000e-12    89.4723     0.4450      8.063   290.6785     20.983    21.6930    21.6930      26.78  1028.3839    28.2945  0.000e+00
     20.845    21.7002    40.2416    28.2926     6.4689    6.94074    6.95512     93.009     0.7864     0.5585 1.0000e-12    89.4723     0.4450      8.067   290.0725     20.983    21.6960    21.6960      26.78  1028.3832    28.2938  0.000e+00
     20.845    21.7038    40.2420    28.2919     6.4639    6.94027    6.95467     92.943     0.7864     0.5585 1.0000e-12    89.4723     0.4450      8.063   290.0725     20.983    21.6996    21.6996      26.78  1028.3825    28.2931  0.000e+00
     20.806    21.7074    40.2407    28.2899     6.4675    6.93988    6.95427     93.000     0.7864     0.5585 1.0000e-12    89.4723     0.4450      8.063   290.6785     20.944    21.7032    21.7032      26.78  1028.3803    28.2911  0.000e+00
     20.845    21.7112    40.2339    28.2836     6.4627    6.93969    6.95409     92.934     0.7864     0.5585 1.0000e-12    89.4723     0.4450      8.063   290.6785     20.983    21.7070    21.7070      26.78  1028.3742    28.2848  0.000e+00
     20.907    21.7096    40.2226    28.2754     6.4585    6.94034    6.95474     92.864     0.7864     0.5524 1.0000e-12    89.4723     0.4450      8.063   290.0725     21.046    21.7054    21.7054      26.77  1028.3663    28.2766  0.000e+00
     20.845    21.6823    40.2218    28.2826     6.4612    6.94374    6.95812     92.859     0.7864     0.5524 1.0000e-12    89.4723     0.4450      8.068   290.6785     20.983    21.6781    21.6781      26.78  1028.3732    28.2838  0.000e+00
