Data/RVJanan08101.cnv
* Sea-Bird SBE 9 Data File:
* FileName = C:\CruiseData\CTD911\RVJanan081\Hex\RVJanan08101.hex
* Software Version Seasave V 7.26.7.121
* Temperature SN = 5958
* Conductivity SN = 3674
* Number of Bytes Per Scan = 37
* Number of Voltage Words = 4
* Number of Scans Averaged by the Deck Unit = 1
* NMEA Latitude = 26 36.10 N
* NMEA Longitude = 051 17.44 E
* NMEA UTC (Time) = Jan 17 2020  08:22:52
* NMEA baud rate = 4800
** Ship: R/V JANAN
** Cruise: NPRP10Restore03-Jan20
** Station: Binzayan
** Bottom Depth [m]: 22
** Operator: MD
# nquan = 22
# nvalues = 6016                                  
# units = specified
# name 0 = depSM: Depth [salt water, m]
# name 1 = t090C: Temperature [ITS-90, deg C]
# name 2 = sal00: Salinity, Practical [PSU]
# name 3 = sigma-t00: Density [sigma-t, kg/m^3 ]
# name 4 = sbeox0Mg/L: Oxygen, SBE 43 [mg/l]
# name 5 = oxsatMg/L: Oxygen Saturation, Weiss [mg/l]
# name 6 = oxsolMg/L: Oxygen Saturation, Garcia & Gordon [mg/l]
# name 7 = sbeox0PS: Oxygen, SBE 43 [% saturation]
# name 8 = flECO-AFL: Fluorescence, WET Labs ECO-AFL/FL [mg/m^3]
# name 9 = turbWETntu0: Turbidity, WET Labs ECO [NTU]
# name 10 = par: PAR/Irradiance, Biospherical/Licor
# name 11 = xmiss: Beam Transmission, Chelsea/Seatech [%]
# name 12 = bat: Beam Attenuation, Chelsea/Seatech [1/m]
# name 13 = ph: pH
# name 14 = orp: Oxidation Reduction Potential [mV]
# name 15 = prDM: Pressure, Digiquartz [db]
# name 16 = potemp090C: Potential Temperature [ITS-90, deg C]
# name 17 = pta090C: Potential Temperature Anomaly [ITS-90, deg C], a0 = 0, a1 = 0
# name 18 = ptempC: Pressure Temperature [deg C]
# name 19 = density00: Density [density, kg/m^3]
# name 20 = sigma-é00: Density [sigma-theta, kg/m^3]
# name 21 = flag:  0.000e+00
# span 0 =      0.017,     23.126                 
# span 1 =    21.0068,    22.3911                 
# span 2 =     4.1480,    40.2973                 
# span 3 =     0.9714,    28.4303                 
# span 4 =     6.3358,     8.1677                 
# span 5 =    6.85995,    8.58624                 
# span 6 =    6.87484,    8.60358                 
# span 7 =     90.563,     95.186                 
# span 8 =     0.0904,     1.9585                 
# span 9 =     0.4120,    24.6550                 
# span 10 = 1.0000e-12, 1.0000e-12                
# span 11 =    78.6469,    90.4466                
# span 12 =     0.4016,     0.9608                
# span 13 =      8.052,      8.076                
# span 14 =   284.0127,   299.7682                
# span 15 =      0.017,     23.280                
# span 16 =    21.0068,    22.3911                
# span 17 =    21.0068,    22.3911                
# span 18 =      26.68,      26.88                
# span 19 =  1000.9714,  1028.5304                
# span 20 =     0.9714,    28.4316                
# span 21 = 0.0000e+00, 0.0000e+00                
# interval = seconds: 0.0416667
# start_time = Jan 17 2020 08:22:52 [NMEA time, header]
# bad_flag = -9.990e-29
*END*
[from data line 3424]
     20.854    21.5102    40.2619    28.3621     6.3967    6.96340    6.97763     91.675     0.7619     0.6379 1.0000e-12    90.0407     0.4196      8.064   289.4665     20.993    21.5060    21.5060      26.80  1028.4528    28.3633  0.000e+00
     20.854    21.5118    40.2614    28.3613     6.3920    6.96322    6.97746     91.610     0.7619     0.6379 1.0000e-12    90.0407     0.4196      8.064   289.4665     20.993    21.5077    21.5077      26.81  1028.4520    28.3625  0.000e+00
     20.799    21.5144    40.2605    28.3599     6.3914    6.96294    6.97718     91.605     0.7619     0.6318 1.0000e-12    90.0407     0.4196      8.064   289.4665     20.938    21.5102    21.5102      26.78  1028.4503    28.3611  0.000e+00
     20.854    21.5129    40.2624    28.3618     6.3913    6.96304    6.97728     91.602     0.7619     0.6318 1.0000e-12    90.0407     0.4196      8.064   289.4665     20.993    21.5088    21.5088      26.78  1028.4525    28.3630  0.000e+00
     20.854    21.5108    40.2637    28.3634     6.3912    6.96326    6.97749     91.597     0.7619     0.6379 1.0000e-12    90.0407     0.4196      8.064   289.4665     20.993    21.5066    21.5066      26.81  1028.4541    28.3646  0.000e+00
     20.854    21.5099    40.2620    28.3623     6.3913    6.96344    6.97767     91.597     0.7619     0.6379 1.0000e-12    90.0407     0.4196      8.064   289.4665     20.993    21.5057    21.5057      26.78  1028.4530    28.3635  0.000e+00
     20.854    21.5078    40.2596    28.3611     6.3916    6.96380    6.97803     91.596     0.7619     0.6379 1.0000e-12    90.0407     0.4196      8.064   289.4665     20.993    21.5036    21.5036      26.80  1028.4518    28.3623  0.000e+00
     20.800    21.5061    40.2586    28.3608     6.3873    6.96405    6.97828     91.531     0.7619     0.6318 1.0000e-12    90.0407     0.4196      8.064   289.4665     20.938    21.5019    21.5019      26.80  1028.4512    28.3620  0.000e+00
     20.917    21.5041    40.2608    28.3631     6.3920    6.96421    6.97844     91.596     0.7619     0.6379 1.0000e-12    90.0407     0.4196      8.064   289.4665     21.056    21.4999    21.4999      26.80  1028.4540    28.3642  0.000e+00
     20.854    21.5035    40.2633    28.3651     6.3874    6.96417    6.97840     91.531     0.7619     0.6318 1.0000e-12    90.0407     0.4196      8.064   289.4665     20.993    21.4994    21.4994      26.80  1028.4558    28.3663  0.000e+00
     20.800    21.5046    40.2620    28.3638     6.3917    6.96409    6.97832     91.594     0.7619     0.6379 1.0000e-12    90.0407     0.4196      8.064   289.4665     20.938    21.5005    21.5005      26.78  1028.4543    28.3650  0.000e+00
     20.854    21.5028    40.2611    28.3637     6.3920    6.96435    6.97858     91.594     0.7619     0.6379 1.0000e-12    90.0407     0.4196      8.064   289.4665     20.993    21.4986    21.4986      26.78  1028.4544    28.3649  0.000e+00
     20.854    21.4994    40.2611    28.3646     6.3879    6.96478    6.97900     91.530     0.7619     0.6318 1.0000e-12    90.0407     0.4196      8.064   289.4665     20.993    21.4952    21.4952      26.80  1028.4553    28.3658  0.000e+00
     20.753    21.4933    40.2623    28.3673     6.3930    6.96549    6.97971     91.594     0.7619     0.6379 1.0000e-12    90.0407     0.4196      8.064   289.4665     20.891    21.4891    21.4891      26.80  1028.4575    28.3685  0.000e+00
     20.971    21.4880    40.2638    28.3699     6.3893    6.96608    6.98029     91.533     0.7619     0.6318 1.0000e-12    90.0407     0.4196      8.064   289.4665     21.111    21.4838    21.4838      26.80  1028.4611    28.3711  0.000e+00
     20.854    21.4846    40.2652    28.3719     6.3893    6.96645    6.98066     91.529     0.7619     0.6318 1.0000e-12    90.0407     0.4196      8.064   289.4665     20.993    21.4804    21.4804      26.80  1028.4626    28.3731  0.000e+00
     20.854    21.4819    40.2663    28.3735     6.3939    6.96674    6.98095     91.590     0.7619     0.6379 1.0000e-12    90.0407     0.4196      8.064   289.4665     20.993    21.4777    21.4777      26.80  1028.4642    28.3747  0.000e+00
     20.800    21.4804    40.2676    28.3749     6.3942    6.96687    6.98108     91.594     0.7375     0.6440 1.0000e-12    90.0407     0.4196      8.064   289.4665     20.938    21.4763    21.4763      26.81  1028.4654    28.3761  0.000e+00
     20.854    21.4809    40.2683    28.3753     6.3942    6.96678    6.98099     91.595     0.7253     0.6501 1.0000e-12    90.0136     0.4208      8.064   289.4665     20.993    21.4767    21.4767      26.80  1028.4660    28.3765  0.000e+00
     20.917    21.4817    40.2688    28.3755     6.3944    6.96666    6.98087     91.599     0.7253     0.6440 1.0000e-12    89.4723     0.4450      8.064   289.4665     21.056    21.4775    21.4775      26.80  1028.4665    28.3767  0.000e+00
     20.800    21.4822    40.2692    28.3756     6.3943    6.96658    6.98079     91.599     0.7253     0.6501 1.0000e-12    88.7957     0.4753      8.064   289.4665     20.938    21.4780    21.4780      26.80  1028.4661    28.3768  0.000e+00
     20.917    21.4831    40.2690    28.3752     6.3946    6.96648    6.98069     91.604     0.7253     0.6440 1.0000e-12    88.6063     0.4839      8.064   289.4665     21.056    21.4789    21.4789      26.80  1028.4662    28.3764  0.000e+00
     20.854    21.4849    40.2686    28.3744     6.3944    6.96627    6.98048     91.604     0.7253     0.6501 1.0000e-12    88.6334     0.4826      8.064   289.4665     20.993    21.4807    21.4807      26.81  1028.4651    28.3756  0.000e+00
     20.854    21.4864    40.2670    28.3728     6.3901    6.96615    6.98037     91.544     0.7253     0.6440 1.0000e-12    88.6875     0.4802      8.064   289.4665     20.993    21.4822    21.4822      26.80  1028.4635    28.3740  0.000e+00
     20.854    21.4868    40.2654    28.3715     6.3989    6.96617    6.98038     91.669     0.7253     0.6501 1.0000e-12    88.6875     0.4802      8.064   289.4665     20.993    21.4826    21.4826      26.80  1028.4622    28.3727  0.000e+00
     20.854    21.4866    40.2655    28.3716     6.3995    6.96619    6.98040     91.677     0.7253     0.6501 1.0000e-12    88.6875     0.4802      8.064   289.4665     20.993    21.4824    21.4824      26.80  1028.4623    28.3727  0.000e+00
     20.854    21.4862    40.2660    28.3721     6.4003    6.96622    6.98043     91.689     0.7253     0.6501 1.0000e-12    88.6604     0.4814      8.064   289.4665     20.993    21.4820    21.4820      26.80  1028.4627    28.3732  0.000e+00
     20.854    21.4862    40.2665    28.3724     6.3964    6.96620    6.98041     91.633     0.7253     0.6440 1.0000e-12    88.6604     0.4814      8.064   289.4665     20.993    21.4820    21.4820      26.80  1028.4631    28.3736  0.000e+00
     20.917    21.4857    40.2669    28.3729     6.4013    6.96625    6.98046     91.703     0.7253     0.6501 1.0000e-12    88.6875     0.4802      8.064   289.4665     21.056    21.4815    21.4815      26.80  1028.4639    28.3741  0.000e+00
     20.800    21.4857    40.2668    28.3728     6.4015    6.96625    6.98046     91.706     0.7253     0.6440 1.0000e-12    88.6604     0.4814      8.064   289.4665     20.938    21.4815    21.4815      26.80  1028.4633    28.3740  0.000e+00
     20.917    21.4853    40.2674    28.3734     6.3977    6.96627    6.98048     91.652     0.7253     0.6440 1.0000e-12    88.6875     0.4802      8.064   289.4665     21.056    21.4811    21.4811      26.80  1028.4644    28.3746  0.000e+00
     20.854    21.4857    40.2669    28.3729     6.3980    6.96625    6.98046     91.656     0.7253     0.6440 1.0000e-12    88.6875     0.4802      8.064   289.4665     20.993    21.4815    21.4815      26.78  1028.4636    28.3741  0.000e+00
     20.917    21.4858    40.2666    28.3726     6.4026    6.96624    6.98045     91.722     0.7253     0.6501 1.0000e-12    88.6875     0.4802      8.064   289.4665     21.056    21.4816    21.4816      26.80  1028.4636    28.3738  0.000e+00
     20.854    21.4857    40.2668    28.3728     6.4031    6.96625    6.98046     91.730     0.7253     0.6440 1.0000e-12    88.6875     0.4802      8.064   289.4665     20.993    21.4815    21.4815      26.80  1028.4635    28.3740  0.000e+00
     20.855    21.4847    40.2676    28.3737     6.4036    6.96633    6.98054     91.734     0.7253     0.6501 1.0000e-12    88.6875     0.4802      8.064   289.4665     20.993    21.4806    21.4806      26.80  1028.4644    28.3749  0.000e+00
     20.917    21.4837    40.2680    28.3743     6.4038    6.96644    6.98066     91.736     0.7253     0.6440 1.0000e-12    88.6875     0.4802      8.064   289.4665     21.056    21.4795    21.4795      26.78  1028.4653    28.3755  0.000e+00
     20.855    21.4828    40.2693    28.3756     6.4086    6.96651    6.98072     91.804     0.7253     0.6501 1.0000e-12    88.6875     0.4802      8.064   289.4665     20.993    21.4786    21.4786      26.81  1028.4663    28.3767  0.000e+00
     20.917    21.4831    40.2697    28.3758     6.4043    6.96645    6.98066     91.744     0.7253     0.6440 1.0000e-12    88.6875     0.4802      8.064   289.4665     21.056    21.4789    21.4789      26.78  1028.4668    28.3770  0.000e+00
     20.855    21.4849    40.2694    28.3751     6.4041    6.96624    6.98045     91.743     0.7253     0.6501 1.0000e-12    88.6604     0.4814      8.064   289.4665     20.993    21.4807    21.4807      26.78  1028.4657    28.3762  0.000e+00
     20.855    21.4869    40.2692    28.3743     6.4041    6.96599    6.98021     91.746     0.7253     0.6440 1.0000e-12    88.9852     0.4668      8.064   289.4665     20.993    21.4828    21.4828      26.80  1028.4650    28.3755  0.000e+00
     20.917    21.4902    40.2678    28.3723     6.4038    6.96565    6.97987     91.746     0.7253     0.6440 1.0000e-12    89.7159     0.4341      8.068   289.4665     21.056    21.4860    21.4860      26.80  1028.4633    28.3735  0.000e+00
     20.855    21.4931    40.2655    28.3697     6.4034    6.96539    6.97961     91.744     0.7253     0.6501 1.0000e-12    89.9595     0.4232      8.064   289.4665     20.993    21.4889    21.4889      26.81  1028.4604    28.3709  0.000e+00
     20.917    21.4945    40.2644    28.3685     6.4077    6.96525    6.97947     91.808     0.7253     0.6501 1.0000e-12    89.9324     0.4244      8.064   289.4665     21.056    21.4903    21.4903      26.80  1028.4594    28.3697  0.000e+00
     20.917    21.4962    40.2621    28.3663     6.4033    6.96514    6.97936     91.746     0.7253     0.6501 1.0000e-12    89.9054     0.4257      8.064   289.4665     21.056    21.4920    21.4920      26.80  1028.4572    28.3675  0.000e+00
     20.855    21.4969    40.2606    28.3649     6.4031    6.96511    6.97934     91.743     0.7131     0.6440 1.0000e-12    89.9054     0.4257      8.064   289.4665     20.993    21.4927    21.4927      26.78  1028.4556    28.3661  0.000e+00
     20.917    21.4954    40.2615    28.3660     6.4031    6.96526    6.97948     91.742     0.7009     0.6562 1.0000e-12    89.9054     0.4257      8.064   289.4665     21.056    21.4912    21.4912      26.81  1028.4570    28.3672  0.000e+00
     20.917    21.4929    40.2634    28.3682     6.4077    6.96549    6.97971     91.804     0.7009     0.6623 1.0000e-12    89.9054     0.4257      8.064   289.4665     21.056    21.4887    21.4887      26.80  1028.4592    28.3694  0.000e+00
     20.855    21.4918    40.2650    28.3697     6.4035    6.96556    6.97978     91.744     0.7009     0.6562 1.0000e-12    89.9054     0.4257      8.064   289.4665     20.993    21.4876    21.4876      26.81  1028.4604    28.3709  0.000e+00
     20.917    21.4909    40.2656    28.3705     6.4037    6.96565    6.97986     91.745     0.7009     0.6562 1.0000e-12    89.9054     0.4257      8.064   289.4665     21.056    21.4867    21.4867      26.80  1028.4614    28.3717  0.000e+00
     20.917    21.4902    40.2663    28.3712     6.3996    6.96571    6.97993     91.686     0.7009     0.6501 1.0000e-12    89.9054     0.4257      8.064   289.4665     21.056    21.4860    21.4860      26.80  1028.4621    28.3724  0.000e+00
     20.855    21.4891    40.2668    28.3719     6.4039    6.96583    6.98004     91.746     0.7009     0.6562 1.0000e-12    89.9054     0.4257      8.064   289.4665     20.993    21.4849    21.4849      26.80  1028.4626    28.3731  0.000e+00
     20.917    21.4876    40.2673    28.3727     6.4042    6.96598    6.98020     91.748     0.7009     0.6501 1.0000e-12    89.9054     0.4257      8.064   289.4665     21.056    21.4834    21.4834      26.78  1028.4637    28.3739  0.000e+00
     20.870    21.4869    40.2673    28.3728     6.4087    6.96607    6.98029     91.812     0.7009     0.6562 1.0000e-12    89.9054     0.4257      8.068   289.4665     21.009    21.4827    21.4827      26.81  1028.4636    28.3740  0.000e+00
     20.917    21.4871    40.2675    28.3729     6.4090    6.96604    6.98026     91.816     0.7009     0.6562 1.0000e-12    89.9054     0.4257      8.064   289.4665     21.056    21.4829    21.4829      26.80  1028.4639    28.3741  0.000e+00
     20.917    21.4893    40.2665    28.3716     6.4045    6.96581    6.98003     91.755     0.7009     0.6501 1.0000e-12    89.9054     0.4257      8.064   289.4665     21.056    21.4851    21.4851      26.80  1028.4625    28.3728  0.000e+00
     20.855    21.4895    40.2666    28.3716     6.4044    6.96579    6.98000     91.754     0.7009     0.6562 1.0000e-12    89.9054     0.4257      8.064   289.4665     20.993    21.4853    21.4853      26.81  1028.4623    28.3728  0.000e+00
     20.917    21.4880    40.2679    28.3730     6.4088    6.96591    6.98013     91.815     0.7009     0.6562 1.0000e-12    89.9054     0.4257      8.064   289.4665     21.056    21.4838    21.4838      26.80  1028.4640    28.3742  0.000e+00
     20.917    21.4873    40.2689    28.3740     6.4046    6.96596    6.98018     91.754     0.7009     0.6562 1.0000e-12    89.9054     0.4257      8.064   289.4665     21.056    21.4831    21.4831      26.80  1028.4650    28.3752  0.000e+00
     20.855    21.4871    40.2692    28.3743     6.4087    6.96597    6.98019     91.812     0.7009     0.6562 1.0000e-12    89.9054     0.4257      8.064   289.4665     20.993    21.4829    21.4829      26.80  1028.4649    28.3754  0.000e+00
     20.917    21.4869    40.2688    28.3740     6.4044    6.96601    6.98023     91.751     0.7009     0.6562 1.0000e-12    89.9054     0.4257      8.064   289.4665     21.056    21.4827    21.4827      26.78  1028.4649    28.3752  0.000e+00
     20.917    21.4866    40.2691    28.3744     6.4043    6.96604    6.98025     91.749     0.7009     0.6501 1.0000e-12    89.9865     0.4220      8.064   289.4665     21.056    21.4824    21.4824      26.78  1028.4653    28.3756  0.000e+00
     20.855    21.4869    40.2695    28.3746     6.4039    6.96598    6.98019     91.743     0.7009     0.6501 1.0000e-12    90.0407     0.4196      8.064   289.4665     20.993    21.4828    21.4828      26.80  1028.4653    28.3758  0.000e+00
     20.917    21.4896    40.2689    28.3733     6.4035    6.96567    6.97989     91.742     0.7009     0.6562 1.0000e-12    90.0407     0.4196      8.064   289.4665     21.056    21.4854    21.4854      26.81  1028.4643    28.3745  0.000e+00
     20.855    21.4927    40.2679    28.3717     6.4027    6.96533    6.97955     91.735     0.7009     0.6501 1.0000e-12    90.0407     0.4196      8.064   289.4665     20.993    21.4885    21.4885      26.80  1028.4624    28.3729  0.000e+00
     20.917    21.4940    40.2672    28.3708     6.4066    6.96520    6.97942     91.793     0.7009     0.6562 1.0000e-12    90.0136     0.4208      8.064   289.4665     21.056    21.4898    21.4898      26.80  1028.4618    28.3720  0.000e+00
