Data/RVJanan08401.cnv
* Sea-Bird SBE 9 Data File:
* FileName = C:\CruiseData\CTD911\RVJanan084\Hex\RVJanan08401.hex
* Software Version Seasave V 7.26.7.121
* Temperature SN = 5958
* Conductivity SN = 3674
* Number of Bytes Per Scan = 37
* Number of Voltage Words = 4
* Number of Scans Averaged by the Deck Unit = 1
* NMEA Latitude = 26 36.11 N
* NMEA Longitude = 051 17.33 E
* NMEA UTC (Time) = Mar 06 2020  05:56:50
* NMEA baud rate = 4800
** Ship: R/V JANAN
** Cruise: NPRP10Restore04-March2020
** Station: Binzayan
** Bottom Depth [m]: 22
** Operator: MD
# nquan = 22
# nvalues = 5271                                  
# units = specified
# name 0 = depSM: Depth [salt water, m]
# name 1 = t090C: Temperature [ITS-90, deg C]
# name 2 = sal00: Salinity, Practical [PSU]
# name 3 = sigma-t00: Density [sigma-t, kg/m^3 ]
# name 4 = sbeox0Mg/L: Oxygen, SBE 43 [mg/l]
# name 5 = oxsatMg/L: Oxygen Saturation, Weiss [mg/l]
# name 6 = oxsolMg/L: Oxygen Saturation, Garcia & Gordon [mg/l]
# name 7 = sbeox0PS: Oxygen, SBE 43 [% saturation]
# name 8 = flECO-AFL: Fluorescence, WET Labs ECO-AFL/FL [mg/m^3]
# name 9 = turbWETntu0: Turbidity, WET Labs ECO [NTU]
# name 10 = par: PAR/Irradiance, Biospherical/Licor
# name 11 = xmiss: Beam Transmission, Chelsea/Seatech [%]
# name 12 = bat: Beam Attenuation, Chelsea/Seatech [1/m]
# name 13 = ph: pH
# name 14 = orp: Oxidation Reduction Potential [mV]
# name 15 = prDM: Pressure, Digiquartz [db]
# name 16 = potemp090C: Potential Temperature [ITS-90, deg C]
# name 17 = pta090C: Potential Temperature Anomaly [ITS-90, deg C], a0 = 0, a1 = 0
# name 18 = ptempC: Pressure Temperature [deg C]
# name 19 = density00: Density [density, kg/m^3]
# name 20 = sigma-é00: Density [sigma-theta, kg/m^3]
# name 21 = flag:  0.000e+00
# span 0 =     -0.127,     23.595                 
# span 1 =    20.2609,    20.3667                 
# span 2 =     5.0526,    40.1451                 
# span 3 =     1.9831,    28.6207                 
# span 4 =     6.7552,     8.3767                 
# span 5 =    7.11388,    8.75873                 
# span 6 =    7.12710,    8.77550                 
# span 7 =     94.615,     96.943                 
# span 8 =    -0.6300,    49.3700                 
# span 9 =    -0.0764,     0.8211                 
# span 10 = 1.0000e-12, 1.0000e-12                
# span 11 =    37.1062,    94.5311                
# span 12 =     0.2250,     3.9655                
# span 13 =      8.205,      8.246                
# span 14 =   171.9058,   186.4494                
# span 15 =     -0.127,     23.751                
# span 16 =    20.2568,    20.3666                
# span 17 =    20.2568,    20.3666                
# span 18 =      20.63,      20.83                
# span 19 =  1001.9827,  1028.7225                
# span 20 =     1.9831,    28.6218                
# span 21 = 0.0000e+00, 0.0000e+00                
# interval = seconds: 0.0416667
# start_time = Mar 06 2020 05:56:50 [NMEA time, header]
# bad_flag = -9.990e-29
*END*
[from data line 922]
     14.215    20.2683    40.1431    28.6175     6.8757    7.12577    7.13889     96.314     0.5177     0.4120 1.0000e-12    93.6619     0.2619      8.237   173.1178     14.309    20.2656    20.2656      20.65  1028.6796    28.6183  0.000e+00
     14.160    20.2681    40.1434    28.6179     6.8756    7.12578    7.13890     96.311     0.5177     0.4059 1.0000e-12    93.6619     0.2619      8.237   173.1178     14.254    20.2654    20.2654      20.65  1028.6797    28.6186  0.000e+00
     14.160    20.2684    40.1434    28.6178     6.8802    7.12575    7.13887     96.377     0.5177     0.4059 1.0000e-12    93.6619     0.2619      8.237   173.1178     14.254    20.2657    20.2657      20.65  1028.6796    28.6185  0.000e+00
     14.160    20.2685    40.1435    28.6179     6.8760    7.12573    7.13885     96.318     0.5177     0.4120 1.0000e-12    93.6619     0.2619      8.237   173.1178     14.254    20.2657    20.2657      20.65  1028.6797    28.6186  0.000e+00
     14.160    20.2686    40.1434    28.6177     6.8761    7.12571    7.13883     96.320     0.5177     0.4059 1.0000e-12    93.6619     0.2619      8.237   173.1178     14.254    20.2659    20.2659      20.65  1028.6795    28.6185  0.000e+00
     14.160    20.2686    40.1436    28.6179     6.8762    7.12572    7.13883     96.321     0.5177     0.4059 1.0000e-12    93.6619     0.2619      8.237   173.1178     14.254    20.2658    20.2658      20.65  1028.6797    28.6186  0.000e+00
     14.098    20.2688    40.1436    28.6178     6.8762    7.12568    7.13880     96.322     0.5177     0.4059 1.0000e-12    93.6890     0.2608      8.237   173.1178     14.191    20.2661    20.2661      20.65  1028.6793    28.6185  0.000e+00
     14.161    20.2694    40.1433    28.6175     6.8763    7.12562    7.13874     96.324     0.5177     0.4120 1.0000e-12    93.8520     0.2538      8.237   173.1178     14.254    20.2666    20.2666      20.66  1028.6793    28.6182  0.000e+00
     14.161    20.2703    40.1437    28.6174     6.8760    7.12548    7.13860     96.322     0.5177     0.4120 1.0000e-12    93.9335     0.2503      8.237   173.1178     14.254    20.2676    20.2676      20.65  1028.6792    28.6182  0.000e+00
     14.098    20.2730    40.1442    28.6171     6.8754    7.12512    7.13824     96.318     0.5177     0.4059 1.0000e-12    93.9335     0.2503      8.237   173.1178     14.191    20.2702    20.2702      20.65  1028.6786    28.6179  0.000e+00
     14.114    20.2769    40.1426    28.6149     6.8748    7.12468    7.13780     96.315     0.5177     0.4059 1.0000e-12    93.9335     0.2503      8.237   173.1178     14.207    20.2742    20.2742      20.65  1028.6764    28.6156  0.000e+00
     14.161    20.2793    40.1416    28.6134     6.8698    7.12441    7.13754     96.248     0.5177     0.3998 1.0000e-12    93.9335     0.2503      8.237   173.1178     14.254    20.2765    20.2765      20.64  1028.6752    28.6141  0.000e+00
     14.043    20.2812    40.1407    28.6122     6.8690    7.12420    7.13733     96.240     0.5177     0.4059 1.0000e-12    93.9335     0.2503      8.237   173.1178     14.136    20.2785    20.2785      20.65  1028.6735    28.6129  0.000e+00
     14.161    20.2821    40.1397    28.6112     6.8639    7.12413    7.13726     96.170     0.5177     0.4059 1.0000e-12    93.9335     0.2503      8.237   173.1178     14.254    20.2794    20.2794      20.65  1028.6730    28.6119  0.000e+00
     14.098    20.2825    40.1389    28.6105     6.8631    7.12411    7.13724     96.160     0.5177     0.4059 1.0000e-12    93.9335     0.2503      8.237   173.1178     14.192    20.2797    20.2797      20.66  1028.6720    28.6112  0.000e+00
     14.098    20.2830    40.1378    28.6095     6.8578    7.12408    7.13722     96.085     0.5177     0.4059 1.0000e-12    93.9335     0.2503      8.237   173.1178     14.192    20.2803    20.2803      20.65  1028.6710    28.6102  0.000e+00
     14.098    20.2836    40.1374    28.6090     6.8571    7.12403    7.13717     96.076     0.5177     0.4120 1.0000e-12    93.9335     0.2503      8.237   173.7238     14.192    20.2809    20.2809      20.65  1028.6705    28.6097  0.000e+00
     14.098    20.2839    40.1373    28.6089     6.8516    7.12399    7.13712     95.999     0.5177     0.4059 1.0000e-12    93.9063     0.2515      8.237   173.1178     14.192    20.2812    20.2812      20.65  1028.6704    28.6096  0.000e+00
     14.044    20.2838    40.1379    28.6094     6.8547    7.12399    7.13712     96.043     0.5177     0.4120 1.0000e-12    93.9335     0.2503      8.237   173.1178     14.137    20.2810    20.2810      20.65  1028.6707    28.6101  0.000e+00
     14.098    20.2841    40.1381    28.6094     6.8492    7.12393    7.13707     95.967     0.5177     0.4181 1.0000e-12    93.9335     0.2503      8.237   173.1178     14.192    20.2814    20.2814      20.65  1028.6709    28.6101  0.000e+00
     14.098    20.2843    40.1376    28.6090     6.8481    7.12393    7.13706     95.951     0.5666     0.4731 1.0000e-12    93.9335     0.2503      8.237   173.1178     14.192    20.2816    20.2816      20.65  1028.6705    28.6098  0.000e+00
     14.051    20.2846    40.1374    28.6088     6.8424    7.12389    7.13703     95.871     0.5910     0.4914 1.0000e-12    93.9335     0.2503      8.237   173.7238     14.145    20.2819    20.2819      20.65  1028.6701    28.6095  0.000e+00
     14.044    20.2845    40.1378    28.6091     6.8411    7.12390    7.13703     95.853     0.5910     0.4853 1.0000e-12    93.9063     0.2515      8.237   173.1178     14.137    20.2818    20.2818      20.66  1028.6704    28.6098  0.000e+00
     14.161    20.2843    40.1376    28.6090     6.8351    7.12393    7.13706     95.769     0.5910     0.4914 1.0000e-12    93.9063     0.2515      8.237   173.1178     14.255    20.2816    20.2816      20.65  1028.6708    28.6097  0.000e+00
     14.044    20.2843    40.1375    28.6089     6.8381    7.12393    7.13707     95.812     0.5910     0.4853 1.0000e-12    93.9335     0.2503      8.237   173.1178     14.137    20.2816    20.2816      20.65  1028.6702    28.6097  0.000e+00
     14.044    20.2843    40.1373    28.6088     6.8367    7.12394    7.13708     95.792     0.5910     0.4914 1.0000e-12    93.9063     0.2515      8.237   173.1178     14.137    20.2816    20.2816      20.65  1028.6701    28.6095  0.000e+00
     14.098    20.2843    40.1374    28.6089     6.8310    7.12394    7.13707     95.712     0.5910     0.4853 1.0000e-12    93.7162     0.2596      8.237   173.1178     14.192    20.2816    20.2816      20.65  1028.6704    28.6096  0.000e+00
     14.044    20.2843    40.1372    28.6087     6.8345    7.12395    7.13708     95.761     0.5910     0.4975 1.0000e-12    91.7875     0.3428      8.237   173.1178     14.137    20.2816    20.2816      20.66  1028.6700    28.6094  0.000e+00
     14.098    20.2843    40.1374    28.6088     6.8336    7.12394    7.13707     95.747     0.5910     0.4914 1.0000e-12    90.8096     0.3856      8.237   173.1178     14.192    20.2816    20.2816      20.66  1028.6703    28.6096  0.000e+00
     13.981    20.2845    40.1378    28.6091     6.8327    7.12390    7.13704     95.736     0.5910     0.4914 1.0000e-12    90.7553     0.3880      8.237   173.1178     14.074    20.2818    20.2818      20.65  1028.6701    28.6098  0.000e+00
     14.099    20.2843    40.1376    28.6090     6.8322    7.12393    7.13706     95.729     0.5910     0.4975 1.0000e-12    90.8368     0.3844      8.237   173.1178     14.192    20.2816    20.2816      20.66  1028.6705    28.6098  0.000e+00
     14.044    20.2841    40.1377    28.6091     6.8273    7.12395    7.13708     95.660     0.5910     0.4853 1.0000e-12    90.8640     0.3832      8.237   173.7238     14.137    20.2814    20.2814      20.65  1028.6704    28.6099  0.000e+00
     13.981    20.2839    40.1371    28.6087     6.8268    7.12400    7.13713     95.652     0.5910     0.4914 1.0000e-12    90.8640     0.3832      8.237   173.1178     14.074    20.2812    20.2812      20.65  1028.6697    28.6095  0.000e+00
     14.114    20.2830    40.1370    28.6089     6.8266    7.12412    7.13725     95.648     0.5910     0.4914 1.0000e-12    90.8640     0.3832      8.237   173.7238     14.208    20.2803    20.2803      20.65  1028.6705    28.6096  0.000e+00
     14.044    20.2829    40.1376    28.6093     6.8259    7.12412    7.13725     95.638     0.5910     0.4914 1.0000e-12    90.8640     0.3832      8.237   173.1178     14.137    20.2802    20.2802      20.65  1028.6706    28.6101  0.000e+00
     14.044    20.2829    40.1376    28.6093     6.8257    7.12412    7.13725     95.634     0.5910     0.4914 1.0000e-12    90.8640     0.3832      8.237   173.1178     14.137    20.2802    20.2802      20.65  1028.6706    28.6101  0.000e+00
     14.099    20.2825    40.1378    28.6096     6.8256    7.12416    7.13729     95.632     0.5910     0.4914 1.0000e-12    90.8640     0.3832      8.237   173.7238     14.192    20.2797    20.2797      20.65  1028.6711    28.6104  0.000e+00
     14.044    20.2825    40.1380    28.6098     6.8205    7.12415    7.13728     95.562     0.5910     0.4914 1.0000e-12    90.8640     0.3832      8.237   173.1178     14.137    20.2798    20.2798      20.65  1028.6711    28.6105  0.000e+00
     14.044    20.2816    40.1381    28.6101     6.8203    7.12426    7.13739     95.558     0.5910     0.4853 1.0000e-12    90.8640     0.3832      8.237   173.1178     14.137    20.2789    20.2789      20.65  1028.6714    28.6109  0.000e+00
     14.044    20.2802    40.1382    28.6105     6.8203    7.12444    7.13757     95.555     0.5910     0.4853 1.0000e-12    90.8640     0.3832      8.237   173.1178     14.137    20.2774    20.2774      20.66  1028.6718    28.6113  0.000e+00
     14.044    20.2793    40.1386    28.6111     6.8203    7.12454    7.13767     95.553     0.5910     0.4914 1.0000e-12    90.8640     0.3832      8.237   173.7238     14.137    20.2766    20.2766      20.65  1028.6724    28.6118  0.000e+00
     14.099    20.2785    40.1393    28.6118     6.8246    7.12461    7.13774     95.614     0.5910     0.4914 1.0000e-12    90.8640     0.3832      8.237   173.1178     14.192    20.2758    20.2758      20.65  1028.6734    28.6126  0.000e+00
     14.044    20.2776    40.1397    28.6124     6.8247    7.12471    7.13783     95.613     0.5910     0.4914 1.0000e-12    90.8640     0.3832      8.237   173.1178     14.137    20.2749    20.2749      20.65  1028.6737    28.6132  0.000e+00
     14.099    20.2762    40.1399    28.6129     6.8207    7.12488    7.13800     95.555     0.5910     0.4853 1.0000e-12    90.8640     0.3832      8.237   173.1178     14.192    20.2735    20.2735      20.65  1028.6745    28.6137  0.000e+00
     14.052    20.2753    40.1408    28.6139     6.8209    7.12496    7.13809     95.557     0.5910     0.4853 1.0000e-12    90.8640     0.3832      8.237   173.7238     14.145    20.2726    20.2726      20.66  1028.6752    28.6146  0.000e+00
     14.044    20.2755    40.1411    28.6141     6.8255    7.12492    7.13805     95.621     0.5910     0.4914 1.0000e-12    90.8640     0.3832      8.237   173.1178     14.137    20.2728    20.2728      20.65  1028.6754    28.6148  0.000e+00
     14.161    20.2753    40.1410    28.6140     6.8305    7.12495    7.13808     95.691     0.5910     0.4914 1.0000e-12    90.8640     0.3832      8.237   173.1178     14.255    20.2726    20.2726      20.65  1028.6758    28.6148  0.000e+00
     14.044    20.2755    40.1412    28.6142     6.8264    7.12492    7.13804     95.634     0.5666     0.4548 1.0000e-12    92.4123     0.3156      8.237   173.1178     14.137    20.2728    20.2728      20.65  1028.6754    28.6149  0.000e+00
     14.099    20.2758    40.1411    28.6139     6.8271    7.12488    7.13800     95.645     0.5666     0.4425 1.0000e-12    93.5260     0.2677      8.237   173.1178     14.192    20.2731    20.2731      20.66  1028.6755    28.6147  0.000e+00
     14.161    20.2761    40.1404    28.6134     6.8277    7.12488    7.13800     95.653     0.5666     0.4425 1.0000e-12    93.7162     0.2596      8.237   173.7238     14.255    20.2733    20.2733      20.65  1028.6751    28.6141  0.000e+00
     14.044    20.2762    40.1405    28.6134     6.8282    7.12486    7.13798     95.660     0.5666     0.4364 1.0000e-12    93.6347     0.2631      8.237   173.7238     14.137    20.2735    20.2735      20.65  1028.6747    28.6142  0.000e+00
     14.099    20.2762    40.1401    28.6131     6.8291    7.12487    7.13800     95.673     0.5666     0.4364 1.0000e-12    93.6075     0.2642      8.237   173.1178     14.192    20.2735    20.2735      20.65  1028.6747    28.6139  0.000e+00
     14.161    20.2755    40.1407    28.6138     6.8346    7.12494    7.13806     95.748     0.5666     0.4425 1.0000e-12    93.6075     0.2642      8.237   173.1178     14.255    20.2728    20.2728      20.65  1028.6756    28.6145  0.000e+00
     14.099    20.2753    40.1409    28.6139     6.8356    7.12496    7.13808     95.762     0.5666     0.4425 1.0000e-12    93.5804     0.2654      8.237   173.7238     14.192    20.2726    20.2726      20.65  1028.6755    28.6147  0.000e+00
     14.099    20.2747    40.1414    28.6145     6.8413    7.12501    7.13813     95.842     0.5666     0.4487 1.0000e-12    93.6075     0.2642      8.237   173.7238     14.192    20.2720    20.2720      20.65  1028.6760    28.6153  0.000e+00
     14.161    20.2757    40.1406    28.6137     6.8381    7.12491    7.13804     95.798     0.5666     0.4425 1.0000e-12    93.6075     0.2642      8.237   173.7238     14.255    20.2730    20.2730      20.66  1028.6755    28.6144  0.000e+00
     14.115    20.2766    40.1409    28.6137     6.8437    7.12479    7.13792     95.879     0.5666     0.4425 1.0000e-12    93.6075     0.2642      8.237   173.7238     14.208    20.2738    20.2738      20.68  1028.6752    28.6144  0.000e+00
     14.162    20.2774    40.1406    28.6131     6.8452    7.12469    7.13782     95.900     0.5666     0.4425 1.0000e-12    93.6075     0.2642      8.237   173.7238     14.255    20.2747    20.2747      20.66  1028.6749    28.6139  0.000e+00
     14.162    20.2768    40.1401    28.6130     6.8423    7.12480    7.13792     95.858     0.5666     0.4364 1.0000e-12    93.6075     0.2642      8.237   173.1178     14.255    20.2740    20.2740      20.65  1028.6748    28.6137  0.000e+00
     14.162    20.2755    40.1405    28.6136     6.8483    7.12495    7.13807     95.941     0.5666     0.4425 1.0000e-12    93.6075     0.2642      8.237   173.7238     14.255    20.2728    20.2728      20.66  1028.6754    28.6144  0.000e+00
     14.162    20.2747    40.1404    28.6138     6.8498    7.12505    7.13817     95.960     0.5666     0.4425 1.0000e-12    93.5804     0.2654      8.237   173.1178     14.255    20.2720    20.2720      20.65  1028.6756    28.6145  0.000e+00
     14.162    20.2741    40.1414    28.6147     6.8513    7.12509    7.13822     95.980     0.5666     0.4425 1.0000e-12    93.5804     0.2654      8.237   173.7238     14.255    20.2713    20.2713      20.65  1028.6765    28.6155  0.000e+00
     14.162    20.2735    40.1416    28.6150     6.8525    7.12516    7.13828     95.997     0.5666     0.4425 1.0000e-12    93.6075     0.2642      8.237   173.1178     14.255    20.2708    20.2708      20.65  1028.6768    28.6158  0.000e+00
     14.162    20.2735    40.1418    28.6152     6.8537    7.12515    7.13828     96.013     0.5666     0.4425 1.0000e-12    93.6075     0.2642      8.237   173.1178     14.255    20.2708    20.2708      20.65  1028.6770    28.6159  0.000e+00
     14.216    20.2737    40.1416    28.6150     6.8593    7.12514    7.13826     96.091     0.5666     0.4425 1.0000e-12    93.6075     0.2642      8.237   173.1178     14.311    20.2709    20.2709      20.66  1028.6770    28.6157  0.000e+00
