Data/RVJanan08101.cnv
* Sea-Bird SBE 9 Data File:
* FileName = C:\CruiseData\CTD911\RVJanan081\Hex\RVJanan08101.hex
* Software Version Seasave V 7.26.7.121
* Temperature SN = 5958
* Conductivity SN = 3674
* Number of Bytes Per Scan = 37
* Number of Voltage Words = 4
* Number of Scans Averaged by the Deck Unit = 1
* NMEA Latitude = 26 36.10 N
* NMEA Longitude = 051 17.44 E
* NMEA UTC (Time) = Jan 17 2020  08:22:52
* NMEA baud rate = 4800
** Ship: R/V JANAN
** Cruise: NPRP10Restore03-Jan20
** Station: Binzayan
** Bottom Depth [m]: 22
** Operator: MD
# nquan = 22
# nvalues = 6016                                  
# units = specified
# name 0 = depSM: Depth [salt water, m]
# name 1 = t090C: Temperature [ITS-90, deg C]
# name 2 = sal00: Salinity, Practical [PSU]
# name 3 = sigma-t00: Density [sigma-t, kg/m^3 ]
# name 4 = sbeox0Mg/L: Oxygen, SBE 43 [mg/l]
# name 5 = oxsatMg/L: Oxygen Saturation, Weiss [mg/l]
# name 6 = oxsolMg/L: Oxygen Saturation, Garcia & Gordon [mg/l]
# name 7 = sbeox0PS: Oxygen, SBE 43 [% saturation]
# name 8 = flECO-AFL: Fluorescence, WET Labs ECO-AFL/FL [mg/m^3]
# name 9 = turbWETntu0: Turbidity, WET Labs ECO [NTU]
# name 10 = par: PAR/Irradiance, Biospherical/Licor
# name 11 = xmiss: Beam Transmission, Chelsea/Seatech [%]
# name 12 = bat: Beam Attenuation, Chelsea/Seatech [1/m]
# name 13 = ph: pH
# name 14 = orp: Oxidation Reduction Potential [mV]
# name 15 = prDM: Pressure, Digiquartz [db]
# name 16 = potemp090C: Potential Temperature [ITS-90, deg C]
# name 17 = pta090C: Potential Temperature Anomaly [ITS-90, deg C], a0 = 0, a1 = 0
# name 18 = ptempC: Pressure Temperature [deg C]
# name 19 = density00: Density [density, kg/m^3]
# name 20 = sigma-é00: Density [sigma-theta, kg/m^3]
# name 21 = flag:  0.000e+00
# span 0 =      0.017,     23.126                 
# span 1 =    21.0068,    22.3911                 
# span 2 =     4.1480,    40.2973                 
# span 3 =     0.9714,    28.4303                 
# span 4 =     6.3358,     8.1677                 
# span 5 =    6.85995,    8.58624                 
# span 6 =    6.87484,    8.60358                 
# span 7 =     90.563,     95.186                 
# span 8 =     0.0904,     1.9585                 
# span 9 =     0.4120,    24.6550                 
# span 10 = 1.0000e-12, 1.0000e-12                
# span 11 =    78.6469,    90.4466                
# span 12 =     0.4016,     0.9608                
# span 13 =      8.052,      8.076                
# span 14 =   284.0127,   299.7682                
# span 15 =      0.017,     23.280                
# span 16 =    21.0068,    22.3911                
# span 17 =    21.0068,    22.3911                
# span 18 =      26.68,      26.88                
# span 19 =  1000.9714,  1028.5304                
# span 20 =     0.9714,    28.4316                
# span 21 = 0.0000e+00, 0.0000e+00                
# interval = seconds: 0.0416667
# start_time = Jan 17 2020 08:22:52 [NMEA time, header]
# bad_flag = -9.990e-29
*END*
[from data line 1778]
     22.964    21.3485    40.2893    28.4289     6.3798    6.98240    6.99649     91.185     0.7375     0.6440 1.0000e-12    89.4182     0.4474      8.060   293.1024     23.116    21.3439    21.3439      26.76  1028.5288    28.4302  0.000e+00
     22.964    21.3482    40.2895    28.4291     6.3753    6.98244    6.99653     91.122     0.7375     0.6379 1.0000e-12    89.4182     0.4474      8.060   293.1024     23.116    21.3436    21.3436      26.76  1028.5290    28.4304  0.000e+00
     23.018    21.3480    40.2897    28.4293     6.3752    6.98245    6.99655     91.119     0.7375     0.6440 1.0000e-12    89.4182     0.4474      8.060   293.1024     23.171    21.3434    21.3434      26.74  1028.5294    28.4306  0.000e+00
     22.964    21.3478    40.2890    28.4288     6.3839    6.98250    6.99659     91.243     0.7375     0.6440 1.0000e-12    89.4182     0.4474      8.060   293.1024     23.116    21.3432    21.3432      26.76  1028.5287    28.4301  0.000e+00
     22.964    21.3473    40.2898    28.4296     6.3800    6.98253    6.99663     91.187     0.7375     0.6501 1.0000e-12    89.4182     0.4474      8.060   293.1024     23.116    21.3427    21.3427      26.76  1028.5295    28.4309  0.000e+00
     22.964    21.3480    40.2896    28.4292     6.3846    6.98246    6.99655     91.254     0.7497     0.6990 1.0000e-12    89.4182     0.4474      8.060   293.1024     23.116    21.3434    21.3434      26.76  1028.5291    28.4305  0.000e+00
     22.964    21.3485    40.2898    28.4292     6.3805    6.98238    6.99648     91.196     0.7497     0.7173 1.0000e-12    89.4182     0.4474      8.060   293.1024     23.116    21.3439    21.3439      26.76  1028.5291    28.4305  0.000e+00
     22.964    21.3491    40.2891    28.4285     6.3852    6.98234    6.99643     91.263     0.7497     0.7234 1.0000e-12    89.3911     0.4486      8.060   293.1024     23.116    21.3445    21.3445      26.74  1028.5284    28.4298  0.000e+00
     22.964    21.3492    40.2894    28.4287     6.3811    6.98230    6.99640     91.205     0.7497     0.7112 1.0000e-12    89.1476     0.4595      8.060   293.1024     23.116    21.3447    21.3447      26.76  1028.5286    28.4300  0.000e+00
     22.964    21.3494    40.2895    28.4287     6.3812    6.98228    6.99637     91.208     0.7497     0.7112 1.0000e-12    88.9311     0.4692      8.060   293.1024     23.116    21.3448    21.3448      26.76  1028.5286    28.4300  0.000e+00
     22.964    21.3494    40.2898    28.4289     6.3769    6.98227    6.99636     91.146     0.7497     0.7112 1.0000e-12    88.9040     0.4705      8.060   293.1024     23.116    21.3448    21.3448      26.74  1028.5288    28.4302  0.000e+00
     23.019    21.3496    40.2897    28.4288     6.3813    6.98225    6.99635     91.210     0.7497     0.7173 1.0000e-12    88.9311     0.4692      8.060   293.1024     23.172    21.3450    21.3450      26.76  1028.5289    28.4301  0.000e+00
     22.964    21.3496    40.2894    28.4286     6.3817    6.98226    6.99636     91.215     0.7497     0.7173 1.0000e-12    88.9311     0.4692      8.055   293.1024     23.117    21.3450    21.3450      26.76  1028.5285    28.4299  0.000e+00
     22.964    21.3499    40.2893    28.4284     6.3773    6.98222    6.99632     91.153     0.7497     0.7112 1.0000e-12    88.9311     0.4692      8.055   293.1024     23.117    21.3454    21.3454      26.76  1028.5283    28.4297  0.000e+00
     22.964    21.3496    40.2891    28.4284     6.3815    6.98227    6.99637     91.212     0.7497     0.7173 1.0000e-12    88.9311     0.4692      8.060   293.1024     23.117    21.3450    21.3450      26.76  1028.5283    28.4297  0.000e+00
     22.964    21.3494    40.2888    28.4282     6.3770    6.98231    6.99640     91.146     0.7497     0.7112 1.0000e-12    88.9311     0.4692      8.060   293.1024     23.117    21.3448    21.3448      26.76  1028.5281    28.4295  0.000e+00
     22.964    21.3489    40.2898    28.4291     6.3811    6.98234    6.99643     91.205     0.7497     0.7173 1.0000e-12    88.9311     0.4692      8.060   293.1024     23.117    21.3443    21.3443      26.76  1028.5290    28.4304  0.000e+00
     23.019    21.3487    40.2898    28.4292     6.3855    6.98236    6.99645     91.268     0.7497     0.7173 1.0000e-12    88.9311     0.4692      8.060   293.1024     23.172    21.3441    21.3441      26.76  1028.5293    28.4305  0.000e+00
     22.964    21.3491    40.2894    28.4288     6.3807    6.98233    6.99642     91.200     0.7497     0.7173 1.0000e-12    88.9311     0.4692      8.060   293.1024     23.117    21.3445    21.3445      26.76  1028.5287    28.4301  0.000e+00
     22.964    21.3492    40.2898    28.4290     6.3760    6.98229    6.99638     91.133     0.7497     0.7112 1.0000e-12    88.9311     0.4692      8.060   293.1024     23.117    21.3447    21.3447      26.74  1028.5289    28.4303  0.000e+00
     22.964    21.3492    40.2894    28.4287     6.3753    6.98230    6.99640     91.122     0.7497     0.7112 1.0000e-12    88.9311     0.4692      8.060   292.4964     23.117    21.3447    21.3447      26.74  1028.5286    28.4300  0.000e+00
     23.019    21.3496    40.2891    28.4284     6.3835    6.98227    6.99637     91.240     0.7497     0.7173 1.0000e-12    88.9311     0.4692      8.060   293.1024     23.172    21.3450    21.3450      26.76  1028.5286    28.4297  0.000e+00
     22.964    21.3494    40.2891    28.4285     6.3790    6.98229    6.99639     91.175     0.7497     0.7173 1.0000e-12    88.9311     0.4692      8.060   293.1024     23.117    21.3448    21.3448      26.76  1028.5284    28.4298  0.000e+00
     22.964    21.3501    40.2884    28.4277     6.3786    6.98223    6.99633     91.171     0.7497     0.7173 1.0000e-12    88.9311     0.4692      8.073   292.4964     23.117    21.3455    21.3455      26.76  1028.5276    28.4290  0.000e+00
     22.964    21.3499    40.2892    28.4283     6.3783    6.98223    6.99632     91.166     0.7497     0.7173 1.0000e-12    88.9311     0.4692      8.069   293.1024     23.117    21.3454    21.3454      26.76  1028.5282    28.4296  0.000e+00
     23.019    21.3501    40.2892    28.4283     6.3779    6.98220    6.99630     91.161     0.7497     0.7173 1.0000e-12    88.9311     0.4692      8.069   293.1024     23.172    21.3455    21.3455      26.76  1028.5284    28.4296  0.000e+00
     22.964    21.3498    40.2892    28.4284     6.3776    6.98225    6.99634     91.156     0.7497     0.7173 1.0000e-12    88.9311     0.4692      8.069   293.1024     23.117    21.3452    21.3452      26.76  1028.5283    28.4297  0.000e+00
     22.964    21.3492    40.2888    28.4283     6.3728    6.98233    6.99642     91.086     0.7497     0.7112 1.0000e-12    88.9311     0.4692      8.069   293.1024     23.117    21.3447    21.3447      26.76  1028.5282    28.4295  0.000e+00
     22.964    21.3489    40.2891    28.4286     6.3722    6.98236    6.99646     91.077     0.7497     0.7112 1.0000e-12    89.2017     0.4571      8.069   293.1024     23.117    21.3443    21.3443      26.76  1028.5285    28.4299  0.000e+00
     23.019    21.3483    40.2891    28.4288     6.3763    6.98243    6.99652     91.136     0.7497     0.7173 1.0000e-12    89.5265     0.4425      8.069   293.1024     23.172    21.3437    21.3437      26.76  1028.5289    28.4301  0.000e+00
     22.964    21.3482    40.2891    28.4288     6.3714    6.98245    6.99655     91.065     0.7497     0.7112 1.0000e-12    89.6347     0.4377      8.069   293.1024     23.117    21.3436    21.3436      26.76  1028.5287    28.4301  0.000e+00
     22.964    21.3480    40.2890    28.4288     6.3713    6.98248    6.99657     91.063     0.7497     0.7112 1.0000e-12    89.6077     0.4389      8.069   292.4964     23.117    21.3434    21.3434      26.76  1028.5287    28.4301  0.000e+00
     23.019    21.3480    40.2892    28.4289     6.3709    6.98247    6.99657     91.058     0.6765     0.6867 1.0000e-12    89.5806     0.4401      8.069   293.1024     23.172    21.3434    21.3434      26.76  1028.5290    28.4302  0.000e+00
     22.964    21.3482    40.2895    28.4291     6.3746    6.98244    6.99653     91.111     0.6398     0.6745 1.0000e-12    89.5806     0.4401      8.069   293.1024     23.117    21.3436    21.3436      26.76  1028.5290    28.4304  0.000e+00
     22.964    21.3482    40.2892    28.4289     6.3655    6.98245    6.99654     90.981     0.6398     0.6684 1.0000e-12    89.5806     0.4401      8.069   293.1024     23.117    21.3436    21.3436      26.76  1028.5288    28.4302  0.000e+00
     23.019    21.3483    40.2892    28.4288     6.3696    6.98243    6.99652     91.039     0.6398     0.6745 1.0000e-12    89.6077     0.4389      8.069   293.1024     23.172    21.3437    21.3437      26.76  1028.5290    28.4301  0.000e+00
     22.965    21.3485    40.2892    28.4288     6.3649    6.98241    6.99650     90.973     0.6398     0.6684 1.0000e-12    89.5806     0.4401      8.069   292.4964     23.117    21.3439    21.3439      26.76  1028.5287    28.4301  0.000e+00
     23.004    21.3489    40.2892    28.4286     6.3645    6.98236    6.99646     90.967     0.6398     0.6684 1.0000e-12    89.5806     0.4401      8.069   292.4964     23.156    21.3443    21.3443      26.76  1028.5287    28.4299  0.000e+00
     22.965    21.3489    40.2892    28.4287     6.3641    6.98236    6.99645     90.962     0.6398     0.6684 1.0000e-12    89.6077     0.4389      8.069   293.1024     23.117    21.3443    21.3443      26.76  1028.5286    28.4300  0.000e+00
     22.965    21.3491    40.2893    28.4287     6.3637    6.98233    6.99643     90.957     0.6398     0.6684 1.0000e-12    89.6077     0.4389      8.069   293.1024     23.117    21.3445    21.3445      26.76  1028.5286    28.4300  0.000e+00
     22.965    21.3487    40.2895    28.4289     6.3635    6.98237    6.99646     90.953     0.6398     0.6745 1.0000e-12    89.6077     0.4389      8.069   293.1024     23.117    21.3441    21.3441      26.76  1028.5288    28.4302  0.000e+00
     23.019    21.3491    40.2890    28.4285     6.3632    6.98234    6.99644     90.949     0.6398     0.6745 1.0000e-12    89.5806     0.4401      8.069   293.1024     23.172    21.3445    21.3445      26.76  1028.5286    28.4298  0.000e+00
     22.965    21.3491    40.2890    28.4285     6.3631    6.98234    6.99644     90.948     0.6398     0.6745 1.0000e-12    89.5806     0.4401      8.069   293.1024     23.117    21.3445    21.3445      26.76  1028.5284    28.4298  0.000e+00
     22.965    21.3491    40.2890    28.4285     6.3629    6.98234    6.99644     90.944     0.6398     0.6745 1.0000e-12    89.5806     0.4401      8.069   293.1024     23.117    21.3445    21.3445      26.76  1028.5284    28.4298  0.000e+00
     22.965    21.3491    40.2893    28.4287     6.3626    6.98233    6.99643     90.941     0.6398     0.6806 1.0000e-12    89.6077     0.4389      8.069   293.1024     23.117    21.3445    21.3445      26.76  1028.5286    28.4300  0.000e+00
     22.965    21.3494    40.2891    28.4284     6.3579    6.98230    6.99639     90.874     0.6398     0.6684 1.0000e-12    89.6077     0.4389      8.073   293.1024     23.117    21.3448    21.3448      26.76  1028.5283    28.4297  0.000e+00
     22.965    21.3494    40.2888    28.4282     6.3575    6.98231    6.99640     90.868     0.6398     0.6745 1.0000e-12    89.5806     0.4401      8.064   292.4964     23.117    21.3448    21.3448      26.76  1028.5281    28.4295  0.000e+00
     23.019    21.3491    40.2890    28.4285     6.3617    6.98234    6.99644     90.927     0.6398     0.6745 1.0000e-12    89.5806     0.4401      8.060   293.1024     23.172    21.3445    21.3445      26.76  1028.5286    28.4298  0.000e+00
     22.965    21.3491    40.2885    28.4280     6.3570    6.98236    6.99646     90.861     0.6398     0.6745 1.0000e-12    89.4994     0.4438      8.060   292.4964     23.117    21.3445    21.3445      26.76  1028.5279    28.4293  0.000e+00
     22.965    21.3485    40.2891    28.4287     6.3612    6.98241    6.99651     90.920     0.6398     0.6745 1.0000e-12    89.3100     0.4522      8.060   292.4964     23.117    21.3439    21.3439      26.76  1028.5286    28.4300  0.000e+00
     22.965    21.3485    40.2892    28.4288     6.3609    6.98241    6.99650     90.915     0.6398     0.6745 1.0000e-12    89.2558     0.4547      8.060   293.1024     23.117    21.3439    21.3439      26.76  1028.5287    28.4301  0.000e+00
     22.965    21.3483    40.2888    28.4285     6.3561    6.98244    6.99654     90.847     0.6398     0.6684 1.0000e-12    89.2558     0.4547      8.060   292.4964     23.117    21.3437    21.3437      26.76  1028.5284    28.4298  0.000e+00
     23.020    21.3483    40.2891    28.4288     6.3606    6.98243    6.99652     90.911     0.6398     0.6684 1.0000e-12    89.2558     0.4547      8.060   293.1024     23.173    21.3437    21.3437      26.76  1028.5289    28.4301  0.000e+00
     22.902    21.3483    40.2894    28.4290     6.3605    6.98242    6.99651     90.910     0.6398     0.6745 1.0000e-12    89.2558     0.4547      8.060   293.1024     23.055    21.3438    21.3438      26.76  1028.5286    28.4302  0.000e+00
     23.020    21.3482    40.2889    28.4287     6.3564    6.98246    6.99655     90.851     0.6398     0.6684 1.0000e-12    89.2558     0.4547      8.060   292.4964     23.173    21.3436    21.3436      26.74  1028.5288    28.4300  0.000e+00
     22.965    21.3482    40.2890    28.4287     6.3607    6.98246    6.99655     90.911     0.6398     0.6745 1.0000e-12    89.2558     0.4547      8.060   293.1024     23.118    21.3436    21.3436      26.76  1028.5286    28.4300  0.000e+00
     22.902    21.3482    40.2889    28.4286     6.3609    6.98246    6.99656     90.915     0.6398     0.6745 1.0000e-12    89.2558     0.4547      8.060   293.1024     23.055    21.3436    21.3436      26.76  1028.5282    28.4299  0.000e+00
     23.020    21.3482    40.2891    28.4288     6.3611    6.98245    6.99655     90.918     0.6398     0.6745 1.0000e-12    89.2558     0.4547      8.060   292.4964     23.173    21.3436    21.3436      26.76  1028.5289    28.4301  0.000e+00
     22.903    21.3483    40.2890    28.4287     6.3567    6.98243    6.99653     90.854     0.6398     0.6623 1.0000e-12    89.2558     0.4547      8.060   292.4964     23.055    21.3438    21.3438      26.76  1028.5283    28.4300  0.000e+00
     22.965    21.3482    40.2891    28.4288     6.3564    6.98245    6.99655     90.850     0.7253     0.6623 1.0000e-12    89.2558     0.4547      8.060   293.1024     23.118    21.3436    21.3436      26.76  1028.5287    28.4301  0.000e+00
     22.965    21.3483    40.2893    28.4289     6.3563    6.98242    6.99652     90.849     0.8108     0.6562 1.0000e-12    89.2558     0.4547      8.060   293.1024     23.118    21.3437    21.3437      26.76  1028.5288    28.4302  0.000e+00
     22.965    21.3483    40.2890    28.4287     6.3562    6.98243    6.99653     90.849     0.8352     0.6501 1.0000e-12    89.2558     0.4547      8.060   292.4964     23.118    21.3437    21.3437      26.74  1028.5286    28.4300  0.000e+00
     22.965    21.3482    40.2891    28.4288     6.3605    6.98245    6.99655     90.909     0.8230     0.6501 1.0000e-12    89.2558     0.4547      8.060   292.4964     23.118    21.3436    21.3436      26.76  1028.5287    28.4301  0.000e+00
     22.965    21.3480    40.2893    28.4290     6.3607    6.98247    6.99656     90.912     0.8230     0.6562 1.0000e-12    89.2558     0.4547      8.060   293.1024     23.118    21.3434    21.3434      26.76  1028.5289    28.4303  0.000e+00
     22.965    21.3482    40.2891    28.4288     6.3563    6.98245    6.99655     90.848     0.8230     0.6562 1.0000e-12    89.2558     0.4547      8.060   293.1024     23.118    21.3436    21.3436      26.76  1028.5287    28.4301  0.000e+00
