Data/RVJanan08404.cnv
* Sea-Bird SBE 9 Data File:
* FileName = C:\CruiseData\CTD911\RVJanan084\Hex\RVJanan08404.hex
* Software Version Seasave V 7.26.7.121
* Temperature SN = 5958
* Conductivity SN = 3674
* Number of Bytes Per Scan = 37
* Number of Voltage Words = 4
* Number of Scans Averaged by the Deck Unit = 1
* NMEA Latitude = 25 32.44 N
* NMEA Longitude = 051 45.65 E
* NMEA UTC (Time) = Mar 08 2020  08:38:50
* NMEA baud rate = 4800
** Ship: R/V JANAN
** Cruise: NPRP10Restore04-March2020
** Station: Restore Nursery
** Bottom Depth [m]: 14
** Operator: MD
# nquan = 22
# nvalues = 2146                                  
# units = specified
# name 0 = depSM: Depth [salt water, m]
# name 1 = t090C: Temperature [ITS-90, deg C]
# name 2 = sal00: Salinity, Practical [PSU]
# name 3 = sigma-t00: Density [sigma-t, kg/m^3 ]
# name 4 = sbeox0Mg/L: Oxygen, SBE 43 [mg/l]
# name 5 = oxsatMg/L: Oxygen Saturation, Weiss [mg/l]
# name 6 = oxsolMg/L: Oxygen Saturation, Garcia & Gordon [mg/l]
# name 7 = sbeox0PS: Oxygen, SBE 43 [% saturation]
# name 8 = flECO-AFL: Fluorescence, WET Labs ECO-AFL/FL [mg/m^3]
# name 9 = turbWETntu0: Turbidity, WET Labs ECO [NTU]
# name 10 = par: PAR/Irradiance, Biospherical/Licor
# name 11 = xmiss: Beam Transmission, Chelsea/Seatech [%]
# name 12 = bat: Beam Attenuation, Chelsea/Seatech [1/m]
# name 13 = ph: pH
# name 14 = orp: Oxidation Reduction Potential [mV]
# name 15 = prDM: Pressure, Digiquartz [db]
# name 16 = potemp090C: Potential Temperature [ITS-90, deg C]
# name 17 = pta090C: Potential Temperature Anomaly [ITS-90, deg C], a0 = 0, a1 = 0
# name 18 = ptempC: Pressure Temperature [deg C]
# name 19 = density00: Density [density, kg/m^3]
# name 20 = sigma-é00: Density [sigma-theta, kg/m^3]
# name 21 = flag:  0.000e+00
# span 0 =     -0.171,     12.855                 
# span 1 =    20.3638,    20.7977                 
# span 2 =     3.1162,    40.6962                 
# span 3 =     0.4568,    28.9932                 
# span 4 =     6.8079,     8.5954                 
# span 5 =    7.03596,    8.81195                 
# span 6 =    7.04949,    8.82884                 
# span 7 =     95.055,     97.694                 
# span 8 =    -0.2515,     0.5666                 
# span 9 =    -0.0214,     1.1446                 
# span 10 = 1.0000e-12, 1.0000e-12                
# span 11 =    73.9407,   105.1794                
# span 12 =    -0.2020,     1.2076                
# span 13 =      8.190,      8.214                
# span 14 =   214.9306,   218.5665                
# span 15 =     -0.173,     12.939                
# span 16 =    20.3613,    20.7977                
# span 17 =    20.3613,    20.7977                
# span 18 =      20.65,      20.74                
# span 19 =  1000.4566,  1029.0486                
# span 20 =     0.4568,    28.9938                
# span 21 = 0.0000e+00, 0.0000e+00                
# interval = seconds: 0.0416667
# start_time = Mar 08 2020 08:38:50 [NMEA time, header]
# bad_flag = -9.990e-29
*END*
[from data line 330]
      1.475    20.4769    40.6739    28.9661     6.8854    7.07670    7.08992     97.116     0.2369     0.8211 1.0000e-12    86.4905     0.5805      8.209   215.5366      1.484    20.4766    20.4766      20.66  1028.9726    28.9662  0.000e+00
      1.529    20.4758    40.6730    28.9657     6.8857    7.07688    7.09010     97.117     0.2491     0.8272 1.0000e-12    86.4905     0.5805      8.214   215.5366      1.539    20.4755    20.4755      20.66  1028.9724    28.9658  0.000e+00
      1.475    20.4745    40.6727    28.9658     6.8858    7.07706    7.09027     97.117     0.2369     0.8150 1.0000e-12    86.4905     0.5805      8.209   214.9306      1.484    20.4742    20.4742      20.66  1028.9723    28.9659  0.000e+00
      1.537    20.4742    40.6719    28.9653     6.8860    7.07714    7.09035     97.118     0.2369     0.8211 1.0000e-12    86.4905     0.5805      8.209   214.9306      1.547    20.4739    20.4739      20.66  1028.9720    28.9654  0.000e+00
      1.475    20.4723    40.6731    28.9668     6.8862    7.07732    7.09053     97.119     0.2369     0.8272 1.0000e-12    86.4905     0.5805      8.209   214.9306      1.484    20.4721    20.4721      20.68  1028.9732    28.9668  0.000e+00
      1.530    20.4713    40.6729    28.9669     6.8820    7.07746    7.09067     97.057     0.2369     0.8211 1.0000e-12    86.4905     0.5805      8.209   215.5366      1.539    20.4710    20.4710      20.66  1028.9736    28.9670  0.000e+00
      1.537    20.4711    40.6727    28.9668     6.8819    7.07749    7.09070     97.055     0.2369     0.8211 1.0000e-12    86.4905     0.5805      8.209   214.9306      1.547    20.4708    20.4708      20.66  1028.9735    28.9669  0.000e+00
      1.592    20.4708    40.6737    28.9676     6.8818    7.07750    7.09070     97.055     0.2369     0.8211 1.0000e-12    86.4905     0.5805      8.209   214.9306      1.602    20.4704    20.4704      20.66  1028.9746    28.9677  0.000e+00
      1.592    20.4706    40.6734    28.9674     6.8818    7.07753    7.09074     97.054     0.2491     0.8211 1.0000e-12    86.4634     0.5818      8.214   215.5366      1.602    20.4703    20.4703      20.66  1028.9744    28.9675  0.000e+00
      1.592    20.4698    40.6730    28.9674     6.8865    7.07764    7.09085     97.117     0.2369     0.8272 1.0000e-12    86.3819     0.5856      8.209   215.5366      1.602    20.4695    20.4695      20.66  1028.9743    28.9675  0.000e+00
      1.647    20.4689    40.6727    28.9674     6.8821    7.07777    7.09098     97.054     0.2369     0.8272 1.0000e-12    86.3819     0.5856      8.209   215.5366      1.657    20.4686    20.4686      20.68  1028.9745    28.9675  0.000e+00
      1.592    20.4688    40.6735    28.9680     6.8817    7.07776    7.09097     97.049     0.2491     0.8333 1.0000e-12    86.3547     0.5868      8.209   214.9306      1.602    20.4684    20.4684      20.68  1028.9749    28.9681  0.000e+00
      1.647    20.4687    40.6739    28.9683     6.8773    7.07776    7.09096     96.986     0.2491     0.8272 1.0000e-12    86.3819     0.5856      8.209   215.5366      1.658    20.4683    20.4683      20.66  1028.9755    28.9684  0.000e+00
      1.647    20.4679    40.6743    28.9689     6.8815    7.07784    7.09105     97.044     0.2491     0.8272 1.0000e-12    86.3819     0.5856      8.209   214.9306      1.658    20.4676    20.4676      20.66  1028.9761    28.9690  0.000e+00
      1.647    20.4673    40.6742    28.9689     6.8814    7.07791    7.09112     97.042     0.2491     0.8272 1.0000e-12    86.3819     0.5856      8.214   214.9306      1.658    20.4670    20.4670      20.68  1028.9761    28.9690  0.000e+00
      1.709    20.4661    40.6746    28.9696     6.8817    7.07806    7.09126     97.045     0.2369     0.8272 1.0000e-12    86.3819     0.5856      8.214   214.9306      1.720    20.4657    20.4657      20.66  1028.9771    28.9697  0.000e+00
      1.647    20.4655    40.6741    28.9694     6.8862    7.07815    7.09135     97.106     0.2369     0.8333 1.0000e-12    86.3819     0.5856      8.209   214.9306      1.658    20.4652    20.4652      20.68  1028.9766    28.9695  0.000e+00
      1.709    20.4650    40.6736    28.9691     6.8819    7.07824    7.09144     97.045     0.2369     0.8333 1.0000e-12    86.3547     0.5868      8.214   215.5366      1.721    20.4647    20.4647      20.68  1028.9766    28.9692  0.000e+00
      1.764    20.4641    40.6738    28.9695     6.8865    7.07835    7.09155     97.109     0.2369     0.8272 1.0000e-12    86.3819     0.5856      8.209   215.5366      1.776    20.4638    20.4638      20.66  1028.9772    28.9696  0.000e+00
      1.709    20.4632    40.6737    28.9697     6.8822    7.07847    7.09167     97.047     0.2369     0.8272 1.0000e-12    86.3819     0.5856      8.209   214.9306      1.721    20.4628    20.4628      20.65  1028.9772    28.9698  0.000e+00
      1.764    20.4630    40.6738    28.9699     6.8868    7.07849    7.09169     97.111     0.2491     0.8333 1.0000e-12    86.3819     0.5856      8.209   214.9306      1.776    20.4627    20.4627      20.66  1028.9776    28.9700  0.000e+00
      1.827    20.4643    40.6749    28.9704     6.8868    7.07827    7.09148     97.114     0.2491     0.8333 1.0000e-12    86.3547     0.5868      8.214   215.5366      1.838    20.4639    20.4639      20.66  1028.9783    28.9705  0.000e+00
      1.764    20.4653    40.6750    28.9701     6.8869    7.07814    7.09134     97.117     0.2369     0.8272 1.0000e-12    86.3819     0.5856      8.214   215.5366      1.776    20.4650    20.4650      20.68  1028.9778    28.9702  0.000e+00
      1.764    20.4661    40.6738    28.9690     6.8825    7.07809    7.09130     97.056     0.2369     0.8272 1.0000e-12    86.3819     0.5856      8.209   215.5366      1.776    20.4657    20.4657      20.68  1028.9767    28.9691  0.000e+00
      1.819    20.4653    40.6732    28.9687     6.8872    7.07821    7.09142     97.121     0.2491     0.8333 1.0000e-12    86.3547     0.5868      8.209   215.5366      1.831    20.4650    20.4650      20.66  1028.9766    28.9688  0.000e+00
      1.819    20.4637    40.6732    28.9692     6.8877    7.07841    7.09162     97.125     0.2369     0.8272 1.0000e-12    86.3819     0.5856      8.209   215.5366      1.831    20.4634    20.4634      20.66  1028.9771    28.9693  0.000e+00
      1.881    20.4645    40.6733    28.9690     6.8880    7.07832    7.09152     97.129     0.2491     0.8272 1.0000e-12    86.3819     0.5856      8.214   214.9306      1.894    20.4641    20.4641      20.66  1028.9772    28.9691  0.000e+00
      1.881    20.4652    40.6720    28.9679     6.8882    7.07828    7.09149     97.133     0.2491     0.8272 1.0000e-12    86.3819     0.5856      8.209   215.5366      1.894    20.4648    20.4648      20.66  1028.9761    28.9680  0.000e+00
      1.881    20.4645    40.6716    28.9678     6.8929    7.07839    7.09159     97.198     0.2369     0.8333 1.0000e-12    86.3819     0.5856      8.209   215.5366      1.894    20.4641    20.4641      20.66  1028.9760    28.9679  0.000e+00
      1.881    20.4628    40.6724    28.9688     6.8936    7.07857    7.09177     97.206     0.2491     0.8272 1.0000e-12    86.4090     0.5843      8.214   215.5366      1.894    20.4625    20.4625      20.66  1028.9770    28.9689  0.000e+00
      1.936    20.4618    40.6729    28.9695     6.8944    7.07869    7.09188     97.215     0.2491     0.8333 1.0000e-12    86.4362     0.5831      8.214   214.9306      1.949    20.4614    20.4614      20.68  1028.9779    28.9696  0.000e+00
      1.881    20.4612    40.6733    28.9700     6.8949    7.07873    7.09193     97.222     0.2491     0.8272 1.0000e-12    86.4090     0.5843      8.214   214.9306      1.894    20.4609    20.4609      20.66  1028.9782    28.9701  0.000e+00
      1.936    20.4612    40.6736    28.9702     6.8952    7.07872    7.09192     97.226     0.2369     0.8272 1.0000e-12    86.4362     0.5831      8.209   214.9306      1.949    20.4608    20.4608      20.66  1028.9786    28.9703  0.000e+00
      1.991    20.4614    40.6738    28.9703     6.9003    7.07869    7.09189     97.299     0.2369     0.8272 1.0000e-12    86.4090     0.5843      8.209   214.9306      2.004    20.4610    20.4610      20.66  1028.9789    28.9704  0.000e+00
      1.936    20.4623    40.6745    28.9705     6.9009    7.07855    7.09175     97.309     0.2369     0.8272 1.0000e-12    86.4362     0.5831      8.209   215.5366      1.949    20.4619    20.4619      20.68  1028.9790    28.9707  0.000e+00
      1.999    20.4633    40.6739    28.9698     6.8968    7.07844    7.09164     97.253     0.2491     0.8272 1.0000e-12    86.4362     0.5831      8.209   215.5366      2.012    20.4630    20.4630      20.66  1028.9786    28.9699  0.000e+00
      2.053    20.4633    40.6741    28.9700     6.9019    7.07843    7.09163     97.325     0.2369     0.8333 1.0000e-12    86.4362     0.5831      8.214   215.5366      2.067    20.4630    20.4630      20.66  1028.9790    28.9701  0.000e+00
      1.991    20.4636    40.6745    28.9702     6.9023    7.07838    7.09159     97.331     0.2247     0.8333 1.0000e-12    86.4362     0.5831      8.209   214.9306      2.004    20.4632    20.4632      20.68  1028.9789    28.9703  0.000e+00
      2.053    20.4636    40.6742    28.9700     6.9031    7.07840    7.09160     97.342     0.2247     0.8394 1.0000e-12    86.4362     0.5831      8.209   215.5366      2.067    20.4632    20.4632      20.68  1028.9789    28.9701  0.000e+00
      2.053    20.4639    40.6737    28.9695     6.8992    7.07837    7.09157     97.288     0.2125     0.8394 1.0000e-12    86.4362     0.5831      8.209   215.5366      2.067    20.4635    20.4635      20.66  1028.9785    28.9696  0.000e+00
      2.053    20.4648    40.6742    28.9697     6.8996    7.07824    7.09144     97.294     0.2247     0.8333 1.0000e-12    86.4090     0.5843      8.209   215.5366      2.067    20.4644    20.4644      20.66  1028.9786    28.9698  0.000e+00
      2.108    20.4661    40.6747    28.9697     6.9042    7.07806    7.09126     97.362     0.2125     0.8394 1.0000e-12    86.4362     0.5831      8.214   215.5366      2.122    20.4656    20.4656      20.68  1028.9788    28.9698  0.000e+00
      2.108    20.4677    40.6746    28.9692     6.9044    7.07785    7.09106     97.368     0.2125     0.8455 1.0000e-12    86.4362     0.5831      8.214   215.5366      2.122    20.4673    20.4673      20.66  1028.9784    28.9693  0.000e+00
      2.108    20.4679    40.6745    28.9690     6.9048    7.07783    7.09104     97.373     0.2125     0.8333 1.0000e-12    86.4362     0.5831      8.214   215.5366      2.122    20.4675    20.4675      20.68  1028.9782    28.9692  0.000e+00
      2.171    20.4679    40.6735    28.9683     6.9098    7.07787    7.09108     97.444     0.2125     0.8455 1.0000e-12    86.4362     0.5831      8.209   215.5366      2.185    20.4674    20.4674      20.68  1028.9777    28.9684  0.000e+00
      2.171    20.4672    40.6734    28.9684     6.9060    7.07797    7.09118     97.388     0.2125     0.8394 1.0000e-12    86.4090     0.5843      8.209   215.5366      2.185    20.4667    20.4667      20.65  1028.9778    28.9685  0.000e+00
      2.171    20.4672    40.6732    28.9682     6.9109    7.07798    7.09118     97.457     0.2125     0.8455 1.0000e-12    86.4362     0.5831      8.209   215.5366      2.185    20.4667    20.4667      20.68  1028.9777    28.9683  0.000e+00
      2.171    20.4673    40.6729    28.9679     6.9117    7.07797    7.09117     97.469     0.2125     0.8394 1.0000e-12    86.4090     0.5843      8.209   215.5366      2.185    20.4669    20.4669      20.66  1028.9774    28.9681  0.000e+00
      2.225    20.4675    40.6731    28.9680     6.9125    7.07794    7.09114     97.481     0.2125     0.8455 1.0000e-12    86.4090     0.5843      8.214   215.5366      2.240    20.4671    20.4671      20.66  1028.9777    28.9682  0.000e+00
      2.225    20.4680    40.6735    28.9682     6.9129    7.07785    7.09106     97.488     0.2125     0.8394 1.0000e-12    86.4090     0.5843      8.209   215.5366      2.240    20.4676    20.4676      20.66  1028.9779    28.9684  0.000e+00
      2.225    20.4677    40.6730    28.9680     6.9135    7.07792    7.09112     97.495     0.2125     0.8394 1.0000e-12    86.4090     0.5843      8.209   215.5366      2.240    20.4673    20.4673      20.68  1028.9777    28.9681  0.000e+00
      2.280    20.4688    40.6733    28.9679     6.9138    7.07777    7.09097     97.502     0.2125     0.8394 1.0000e-12    86.4090     0.5843      8.209   214.9306      2.295    20.4683    20.4683      20.66  1028.9778    28.9680  0.000e+00
      2.225    20.4731    40.6743    28.9675     6.9136    7.07718    7.09039     97.507     0.2125     0.8455 1.0000e-12    86.4090     0.5843      8.214   215.5366      2.240    20.4726    20.4726      20.66  1028.9772    28.9676  0.000e+00
      2.343    20.4769    40.6749    28.9669     6.9090    7.07666    7.08988     97.449     0.2125     0.8394 1.0000e-12    86.4090     0.5843      8.209   215.5366      2.358    20.4764    20.4764      20.68  1028.9771    28.9670  0.000e+00
      2.280    20.4801    40.6742    28.9654     6.9084    7.07628    7.08950     97.445     0.2247     0.8394 1.0000e-12    86.4090     0.5843      8.209   215.5366      2.295    20.4797    20.4797      20.66  1028.9754    28.9656  0.000e+00
      2.280    20.4824    40.6737    28.9644     6.9079    7.07600    7.08922     97.442     0.2125     0.8394 1.0000e-12    86.4090     0.5843      8.214   215.5366      2.295    20.4820    20.4820      20.68  1028.9744    28.9646  0.000e+00
      2.343    20.4837    40.6736    28.9640     6.9121    7.07584    7.08906     97.504     0.2125     0.8455 1.0000e-12    86.4090     0.5843      8.209   215.5366      2.358    20.4832    20.4832      20.68  1028.9742    28.9641  0.000e+00
      2.343    20.4848    40.6737    28.9637     6.9074    7.07571    7.08893     97.439     0.2125     0.8394 1.0000e-12    86.4090     0.5843      8.209   215.5366      2.358    20.4843    20.4843      20.66  1028.9740    28.9639  0.000e+00
      2.397    20.4864    40.6747    28.9641     6.9071    7.07545    7.08868     97.439     0.2125     0.8394 1.0000e-12    86.4090     0.5843      8.209   215.5366      2.413    20.4859    20.4859      20.66  1028.9745    28.9642  0.000e+00
      2.343    20.4869    40.6746    28.9639     6.9067    7.07539    7.08861     97.434     0.2125     0.8394 1.0000e-12    86.4090     0.5843      8.209   215.5366      2.358    20.4865    20.4865      20.66  1028.9741    28.9640  0.000e+00
      2.397    20.4869    40.6742    28.9636     6.9110    7.07540    7.08863     97.494     0.2125     0.8455 1.0000e-12    86.4090     0.5843      8.209   215.5366      2.413    20.4865    20.4865      20.66  1028.9740    28.9637  0.000e+00
      2.397    20.4875    40.6739    28.9632     6.9059    7.07535    7.08857     97.424     0.2247     0.8394 1.0000e-12    86.4090     0.5843      8.209   215.5366      2.413    20.4870    20.4870      20.68  1028.9736    28.9633  0.000e+00
      2.460    20.4873    40.6732    28.9627     6.9056    7.07540    7.08863     97.418     0.2125     0.8394 1.0000e-12    86.4090     0.5843      8.214   215.5366      2.476    20.4868    20.4868      20.66  1028.9734    28.9628  0.000e+00
      2.397    20.4862    40.6729    28.9627     6.9052    7.07555    7.08877     97.411     0.2247     0.8394 1.0000e-12    86.4090     0.5843      8.209   215.5366      2.413    20.4858    20.4858      20.66  1028.9732    28.9629  0.000e+00
      2.460    20.4866    40.6733    28.9630     6.9047    7.07549    7.08871     97.404     0.2369     0.8211 1.0000e-12    86.4090     0.5843      8.214   215.5366      2.476    20.4861    20.4861      20.66  1028.9737    28.9631  0.000e+00
