Data/RVJanan08102.cnv
* Sea-Bird SBE 9 Data File:
* FileName = C:\CruiseData\CTD911\RVJanan081\Hex\RVJanan08102.hex
* Software Version Seasave V 7.26.7.121
* Temperature SN = 5958
* Conductivity SN = 3674
* Number of Bytes Per Scan = 37
* Number of Voltage Words = 4
* Number of Scans Averaged by the Deck Unit = 1
* NMEA Latitude = 26 30.50 N
* NMEA Longitude = 051 17.22 E
* NMEA UTC (Time) = Jan 18 2020  05:54:29
* NMEA baud rate = 4800
** Ship: R/V JANAN
** Cruise: NPRP10Restore03-Jan20
** Station: Umm Al-Arshan
** Bottom Depth [m]: 20
** Operator: MD
# nquan = 22
# nvalues = 3210                                  
# units = specified
# name 0 = depSM: Depth [salt water, m]
# name 1 = t090C: Temperature [ITS-90, deg C]
# name 2 = sal00: Salinity, Practical [PSU]
# name 3 = sigma-t00: Density [sigma-t, kg/m^3 ]
# name 4 = sbeox0Mg/L: Oxygen, SBE 43 [mg/l]
# name 5 = oxsatMg/L: Oxygen Saturation, Weiss [mg/l]
# name 6 = oxsolMg/L: Oxygen Saturation, Garcia & Gordon [mg/l]
# name 7 = sbeox0PS: Oxygen, SBE 43 [% saturation]
# name 8 = flECO-AFL: Fluorescence, WET Labs ECO-AFL/FL [mg/m^3]
# name 9 = turbWETntu0: Turbidity, WET Labs ECO [NTU]
# name 10 = par: PAR/Irradiance, Biospherical/Licor
# name 11 = xmiss: Beam Transmission, Chelsea/Seatech [%]
# name 12 = bat: Beam Attenuation, Chelsea/Seatech [1/m]
# name 13 = ph: pH
# name 14 = orp: Oxidation Reduction Potential [mV]
# name 15 = prDM: Pressure, Digiquartz [db]
# name 16 = potemp090C: Potential Temperature [ITS-90, deg C]
# name 17 = pta090C: Potential Temperature Anomaly [ITS-90, deg C], a0 = 0, a1 = 0
# name 18 = ptempC: Pressure Temperature [deg C]
# name 19 = density00: Density [density, kg/m^3]
# name 20 = sigma-é00: Density [sigma-theta, kg/m^3]
# name 21 = flag:  0.000e+00
# span 0 =      0.033,     19.066                 
# span 1 =    20.5820,    21.3523                 
# span 2 =     2.4338,    40.4387                 
# span 3 =    -0.1406,    28.6508                 
# span 4 =     6.4129,     8.3461                 
# span 5 =    6.97882,    8.78398                 
# span 6 =    6.99290,    8.80110                 
# span 7 =     91.116,     95.916                 
# span 8 =    -0.2637,     0.9207                 
# span 9 =    -0.3450,    24.6550                 
# span 10 = 1.0000e-12, 1.0000e-12                
# span 11 =    78.5386,    92.3140                
# span 12 =     0.3199,     0.9663                
# span 13 =      8.084,      8.119                
# span 14 =   263.4093,   271.8930                
# span 15 =      0.033,     19.193                
# span 16 =    20.5819,    21.3523                
# span 17 =    20.5819,    21.3523                
# span 18 =      18.80,      18.86                
# span 19 =   999.8601,  1028.7314                
# span 20 =    -0.1406,    28.6517                
# span 21 = 0.0000e+00, 0.0000e+00                
# interval = seconds: 0.0416667
# start_time = Jan 18 2020 05:54:29 [NMEA time, header]
# bad_flag = -9.990e-29
*END*
[from data line 791]
      8.563    21.2752    40.3753    28.5152     6.6543    6.98804    7.00206     95.033     0.4811     0.4853 1.0000e-12    91.8269     0.3411      8.092   265.2272      8.619    21.2734    21.2734      18.82  1028.5524    28.5157  0.000e+00
      8.735    21.2636    40.3782    28.5206     6.6602    6.98937    7.00337     95.100     0.4811     0.4914 1.0000e-12    91.8269     0.3411      8.092   265.2272      8.792    21.2619    21.2619      18.82  1028.5586    28.5211  0.000e+00
      8.735    21.2571    40.3824    28.5257     6.6609    6.99001    7.00401     95.101     0.4811     0.4914 1.0000e-12    91.8269     0.3411      8.092   265.8332      8.792    21.2554    21.2554      18.82  1028.5637    28.5262  0.000e+00
      8.618    21.2575    40.3857    28.5281     6.6561    6.98983    7.00382     95.036     0.4811     0.4853 1.0000e-12    91.8269     0.3411      8.092   265.2272      8.674    21.2558    21.2558      18.82  1028.5656    28.5286  0.000e+00
      8.735    21.2624    40.3853    28.5265     6.6557    6.98923    7.00323     95.037     0.4811     0.4914 1.0000e-12    91.8269     0.3411      8.092   265.8332      8.792    21.2606    21.2606      18.82  1028.5645    28.5269  0.000e+00
      8.735    21.2645    40.3832    28.5242     6.6598    6.98905    7.00305     95.098     0.4811     0.4914 1.0000e-12    91.8269     0.3411      8.092   265.2272      8.792    21.2628    21.2628      18.82  1028.5623    28.5247  0.000e+00
      8.797    21.2613    40.3814    28.5237     6.6559    6.98953    7.00353     95.037     0.4811     0.4853 1.0000e-12    91.8269     0.3411      8.092   265.8332      8.855    21.2595    21.2595      18.82  1028.5620    28.5242  0.000e+00
      8.735    21.2567    40.3822    28.5257     6.6560    6.99006    7.00406     95.031     0.4811     0.4914 1.0000e-12    91.8269     0.3411      8.092   265.2272      8.792    21.2550    21.2550      18.81  1028.5637    28.5262  0.000e+00
      8.789    21.2539    40.3831    28.5271     6.6560    6.99038    7.00438     95.027     0.4811     0.4914 1.0000e-12    91.8269     0.3411      8.092   265.8332      8.847    21.2521    21.2521      18.81  1028.5654    28.5276  0.000e+00
      8.789    21.2508    40.3851    28.5295     6.6560    6.99069    7.00468     95.023     0.4811     0.4914 1.0000e-12    91.8269     0.3411      8.092   265.8332      8.847    21.2490    21.2490      18.81  1028.5678    28.5300  0.000e+00
      8.789    21.2502    40.3871    28.5312     6.6512    6.99067    7.00466     94.954     0.4811     0.4853 1.0000e-12    91.8810     0.3387      8.092   265.8332      8.847    21.2485    21.2485      18.81  1028.5695    28.5317  0.000e+00
      8.625    21.2510    40.3870    28.5310     6.6549    6.99058    7.00457     95.008     0.4811     0.4914 1.0000e-12    91.9622     0.3352      8.092   265.8332      8.682    21.2493    21.2493      18.82  1028.5685    28.5314  0.000e+00
      9.024    21.2504    40.3871    28.5312     6.6551    6.99065    7.00464     95.009     0.4811     0.4914 1.0000e-12    91.9893     0.3340      8.092   265.8332      9.083    21.2486    21.2486      18.82  1028.5704    28.5317  0.000e+00
      8.907    21.2492    40.3875    28.5318     6.6549    6.99079    7.00478     95.005     0.4811     0.4914 1.0000e-12    91.9622     0.3352      8.092   265.8332      8.965    21.2474    21.2474      18.81  1028.5706    28.5323  0.000e+00
      8.852    21.2486    40.3874    28.5319     6.6502    6.99087    7.00485     94.937     0.4811     0.4914 1.0000e-12    91.9893     0.3340      8.092   265.2272      8.910    21.2469    21.2469      18.81  1028.5704    28.5324  0.000e+00
      8.852    21.2478    40.3872    28.5320     6.6499    6.99098    7.00497     94.931     0.4811     0.4853 1.0000e-12    91.9893     0.3340      8.092   265.2272      8.910    21.2460    21.2460      18.82  1028.5705    28.5325  0.000e+00
      8.907    21.2450    40.3866    28.5323     6.6499    6.99134    7.00533     94.926     0.4811     0.4914 1.0000e-12    91.9893     0.3340      8.092   265.2272      8.965    21.2433    21.2433      18.82  1028.5711    28.5328  0.000e+00
      8.969    21.2436    40.3875    28.5334     6.6497    6.99149    7.00548     94.921     0.4811     0.4914 1.0000e-12    91.9893     0.3340      8.092   265.8332      9.028    21.2418    21.2418      18.82  1028.5724    28.5339  0.000e+00
      8.907    21.2443    40.3883    28.5338     6.6494    6.99137    7.00536     94.919     0.4933     0.4975 1.0000e-12    91.9622     0.3352      8.092   265.8332      8.966    21.2425    21.2425      18.82  1028.5726    28.5343  0.000e+00
      8.907    21.2454    40.3871    28.5326     6.6490    6.99128    7.00527     94.914     0.4933     0.4975 1.0000e-12    91.9893     0.3340      8.092   265.8332      8.966    21.2436    21.2436      18.81  1028.5714    28.5331  0.000e+00
      8.961    21.2445    40.3867    28.5325     6.6447    6.99141    7.00540     94.851     0.4933     0.4914 1.0000e-12    91.9622     0.3352      8.092   265.8332      9.021    21.2427    21.2427      18.81  1028.5715    28.5331  0.000e+00
      8.961    21.2409    40.3866    28.5335     6.6447    6.99187    7.00585     94.845     0.4933     0.4975 1.0000e-12    91.9893     0.3340      8.092   265.8332      9.021    21.2391    21.2391      18.82  1028.5725    28.5340  0.000e+00
      8.961    21.2360    40.3870    28.5352     6.6451    6.99246    7.00644     94.843     0.4933     0.4975 1.0000e-12    91.9893     0.3340      8.092   265.8332      9.021    21.2342    21.2342      18.81  1028.5742    28.5357  0.000e+00
      9.032    21.2320    40.3897    28.5383     6.6454    6.99284    7.00682     94.842     0.4933     0.4914 1.0000e-12    91.9622     0.3352      8.092   265.8332      9.091    21.2303    21.2303      18.81  1028.5776    28.5389  0.000e+00
      8.961    21.2333    40.3914    28.5393     6.6448    6.99261    7.00659     94.837     0.4933     0.4975 1.0000e-12    91.9622     0.3352      8.092   265.2272      9.021    21.2315    21.2315      18.81  1028.5783    28.5398  0.000e+00
      9.079    21.2363    40.3914    28.5384     6.6445    6.99224    7.00621     94.837     0.4933     0.4975 1.0000e-12    91.9622     0.3352      8.092   265.8332      9.139    21.2345    21.2345      18.82  1028.5779    28.5389  0.000e+00
      9.024    21.2392    40.3902    28.5367     6.6349    6.99192    7.00590     94.705     0.4933     0.4914 1.0000e-12    91.9893     0.3340      8.092   265.8332      9.083    21.2374    21.2374      18.82  1028.5759    28.5372  0.000e+00
      9.024    21.2409    40.3895    28.5357     6.6341    6.99175    7.00573     94.695     0.4933     0.4914 1.0000e-12    91.9893     0.3340      8.092   265.8332      9.083    21.2391    21.2391      18.82  1028.5749    28.5362  0.000e+00
      9.032    21.2410    40.3890    28.5352     6.6424    6.99175    7.00573     94.814     0.4933     0.4914 1.0000e-12    91.9893     0.3340      8.092   265.8332      9.091    21.2392    21.2392      18.82  1028.5745    28.5357  0.000e+00
      9.196    21.2410    40.3887    28.5350     6.6380    6.99176    7.00574     94.751     0.4933     0.4975 1.0000e-12    91.9622     0.3352      8.092   265.8332      9.257    21.2392    21.2392      18.81  1028.5751    28.5356  0.000e+00
      9.024    21.2418    40.3886    28.5347     6.6333    6.99167    7.00565     94.685     0.4933     0.4914 1.0000e-12    91.9622     0.3352      8.092   265.8332      9.084    21.2400    21.2400      18.81  1028.5740    28.5352  0.000e+00
      9.133    21.2421    40.3888    28.5348     6.6419    6.99162    7.00560     94.808     0.4933     0.4914 1.0000e-12    91.9351     0.3363      8.092   265.8332      9.194    21.2403    21.2403      18.81  1028.5745    28.5353  0.000e+00
      9.133    21.2427    40.3877    28.5338     6.6422    6.99160    7.00558     94.813     0.4933     0.4975 1.0000e-12    91.9081     0.3375      8.092   265.8332      9.194    21.2408    21.2408      18.82  1028.5736    28.5343  0.000e+00
      9.133    21.2418    40.3881    28.5344     6.6380    6.99169    7.00567     94.751     0.4933     0.4975 1.0000e-12    91.9081     0.3375      8.092   265.8332      9.194    21.2400    21.2400      18.82  1028.5741    28.5349  0.000e+00
      9.141    21.2427    40.3874    28.5336     6.6423    6.99161    7.00559     94.814     0.4933     0.4975 1.0000e-12    91.9081     0.3375      8.097   265.8332      9.201    21.2408    21.2408      18.82  1028.5734    28.5341  0.000e+00
      9.133    21.2434    40.3875    28.5334     6.6380    6.99151    7.00550     94.754     0.4933     0.4914 1.0000e-12    91.9081     0.3375      8.092   265.8332      9.194    21.2416    21.2416      18.81  1028.5732    28.5339  0.000e+00
      9.250    21.2434    40.3867    28.5328     6.6381    6.99154    7.00553     94.755     0.4933     0.4975 1.0000e-12    91.9081     0.3375      8.092   265.8332      9.312    21.2416    21.2416      18.81  1028.5731    28.5334  0.000e+00
      9.196    21.2431    40.3870    28.5332     6.6382    6.99158    7.00556     94.756     0.4933     0.4975 1.0000e-12    91.9351     0.3363      8.092   265.8332      9.257    21.2412    21.2412      18.81  1028.5732    28.5337  0.000e+00
      9.196    21.2414    40.3873    28.5338     6.6385    6.99177    7.00575     94.758     0.4933     0.4975 1.0000e-12    91.9351     0.3363      8.092   265.2272      9.257    21.2396    21.2396      18.81  1028.5738    28.5343  0.000e+00
      9.250    21.2394    40.3873    28.5344     6.6343    6.99202    7.00600     94.695     0.4933     0.4975 1.0000e-12    91.9081     0.3375      8.092   265.8332      9.312    21.2376    21.2376      18.81  1028.5747    28.5350  0.000e+00
      9.258    21.2389    40.3859    28.5335     6.6389    6.99214    7.00613     94.759     0.4933     0.4914 1.0000e-12    91.9081     0.3375      8.092   265.8332      9.319    21.2370    21.2370      18.81  1028.5738    28.5340  0.000e+00
      9.250    21.2367    40.3838    28.5325     6.6348    6.99250    7.00648     94.695     0.4933     0.4975 1.0000e-12    91.9081     0.3375      8.092   265.8332      9.312    21.2349    21.2349      18.82  1028.5728    28.5330  0.000e+00
      9.250    21.2303    40.3858    28.5359     6.6354    6.99323    7.00720     94.694     0.4933     0.4914 1.0000e-12    91.9081     0.3375      8.092   265.8332      9.312    21.2284    21.2284      18.81  1028.5761    28.5364  0.000e+00
      9.313    21.2217    40.3833    28.5364     6.6413    6.99441    7.00837     94.762     0.4933     0.4975 1.0000e-12    91.9081     0.3375      8.092   265.8332      9.374    21.2198    21.2198      18.82  1028.5769    28.5369  0.000e+00
      9.313    21.2030    40.3882    28.5454     6.6394    6.99654    7.01049     94.707     0.4933     0.4975 1.0000e-12    91.9081     0.3375      8.092   265.8332      9.375    21.2012    21.2012      18.82  1028.5859    28.5459  0.000e+00
      9.313    21.1958    40.3944    28.5521     6.6401    6.99719    7.01113     94.708     0.4933     0.5219 1.0000e-12    91.9081     0.3375      8.092   265.8332      9.375    21.1940    21.1940      18.81  1028.5927    28.5527  0.000e+00
      9.375    21.1953    40.3969    28.5542     6.6357    6.99715    7.01109     94.646     0.4933     0.5219 1.0000e-12    91.9351     0.3363      8.092   265.8332      9.437    21.1934    21.1934      18.81  1028.5950    28.5547  0.000e+00
      9.313    21.1930    40.3977    28.5555     6.6403    6.99740    7.01134     94.708     0.4933     0.5280 1.0000e-12    91.9081     0.3375      8.092   265.8332      9.375    21.1911    21.1911      18.81  1028.5960    28.5560  0.000e+00
      9.368    21.1917    40.3981    28.5561     6.6407    6.99755    7.01149     94.711     0.4933     0.5280 1.0000e-12    91.9081     0.3375      8.092   265.8332      9.430    21.1898    21.1898      18.81  1028.5969    28.5566  0.000e+00
      9.368    21.1906    40.3979    28.5563     6.6363    6.99770    7.01163     94.647     0.4933     0.5280 1.0000e-12    91.9081     0.3375      8.092   265.8332      9.430    21.1887    21.1887      18.82  1028.5970    28.5568  0.000e+00
      9.368    21.1887    40.3977    28.5567     6.6321    6.99795    7.01188     94.583     0.4933     0.5219 1.0000e-12    91.8810     0.3387      8.092   265.8332      9.430    21.1868    21.1868      18.82  1028.5974    28.5572  0.000e+00
      9.422    21.1861    40.3971    28.5569     6.6323    6.99830    7.01223     94.582     0.4933     0.5219 1.0000e-12    91.7998     0.3422      8.092   265.8332      9.485    21.1842    21.1842      18.81  1028.5979    28.5574  0.000e+00
      9.430    21.1819    40.3956    28.5569     6.6326    6.99888    7.01281     94.578     0.4933     0.5219 1.0000e-12    91.7727     0.3434      8.092   265.8332      9.492    21.1801    21.1801      18.82  1028.5980    28.5575  0.000e+00
      9.485    21.1753    40.3984    28.5610     6.6331    6.99960    7.01352     94.576     0.4933     0.5219 1.0000e-12    91.7727     0.3434      8.092   265.8332      9.548    21.1734    21.1734      18.81  1028.6022    28.5615  0.000e+00
      9.422    21.1749    40.4014    28.5634     6.6330    6.99952    7.01344     94.576     0.4933     0.5341 1.0000e-12    91.7727     0.3434      8.092   265.8332      9.485    21.1730    21.1730      18.82  1028.6044    28.5639  0.000e+00
      9.485    21.1767    40.4023    28.5635     6.6282    6.99926    7.01318     94.511     0.4933     0.5219 1.0000e-12    91.7998     0.3422      8.092   265.8332      9.548    21.1748    21.1748      18.82  1028.6048    28.5641  0.000e+00
      9.485    21.1751    40.4030    28.5645     6.6236    6.99943    7.01335     94.442     0.4933     0.5219 1.0000e-12    91.7727     0.3434      8.092   265.8332      9.548    21.1732    21.1732      18.81  1028.6058    28.5650  0.000e+00
      9.485    21.1733    40.4036    28.5655     6.6233    6.99963    7.01355     94.436     0.4933     0.5219 1.0000e-12    91.7727     0.3434      8.092   265.8332      9.548    21.1714    21.1714      18.81  1028.6068    28.5660  0.000e+00
      9.547    21.1746    40.4036    28.5651     6.6228    6.99947    7.01340     94.431     0.4933     0.5280 1.0000e-12    91.7998     0.3422      8.092   265.8332      9.610    21.1727    21.1727      18.82  1028.6066    28.5656  0.000e+00
      9.540    21.1764    40.4018    28.5632     6.6266    6.99932    7.01324     94.486     0.4933     0.5341 1.0000e-12    91.7998     0.3422      8.092   265.8332      9.603    21.1745    21.1745      18.82  1028.6047    28.5638  0.000e+00
      9.540    21.1728    40.3999    28.5628     6.6226    6.99985    7.01377     94.423     0.4933     0.5219 1.0000e-12    91.7998     0.3422      8.092   265.8332      9.603    21.1709    21.1709      18.81  1028.6043    28.5633  0.000e+00
      9.540    21.1655    40.4016    28.5662     6.6233    7.00069    7.01460     94.421     0.4933     0.5219 1.0000e-12    91.7998     0.3422      8.092   265.8332      9.603    21.1636    21.1636      18.81  1028.6077    28.5667  0.000e+00
      9.540    21.1605    40.4039    28.5693     6.6237    7.00122    7.01513     94.421     0.4933     0.5280 1.0000e-12    91.7998     0.3422      8.092   265.8332      9.603    21.1586    21.1586      18.81  1028.6108    28.5698  0.000e+00
      9.602    21.1592    40.4064    28.5715     6.6191    7.00128    7.01519     94.354     0.4933     0.5219 1.0000e-12    91.7727     0.3434      8.092   265.8332      9.666    21.1573    21.1573      18.81  1028.6133    28.5721  0.000e+00
