Data/RVJanan08401.cnv
* Sea-Bird SBE 9 Data File:
* FileName = C:\CruiseData\CTD911\RVJanan084\Hex\RVJanan08401.hex
* Software Version Seasave V 7.26.7.121
* Temperature SN = 5958
* Conductivity SN = 3674
* Number of Bytes Per Scan = 37
* Number of Voltage Words = 4
* Number of Scans Averaged by the Deck Unit = 1
* NMEA Latitude = 26 36.11 N
* NMEA Longitude = 051 17.33 E
* NMEA UTC (Time) = Mar 06 2020  05:56:50
* NMEA baud rate = 4800
** Ship: R/V JANAN
** Cruise: NPRP10Restore04-March2020
** Station: Binzayan
** Bottom Depth [m]: 22
** Operator: MD
# nquan = 22
# nvalues = 5271                                  
# units = specified
# name 0 = depSM: Depth [salt water, m]
# name 1 = t090C: Temperature [ITS-90, deg C]
# name 2 = sal00: Salinity, Practical [PSU]
# name 3 = sigma-t00: Density [sigma-t, kg/m^3 ]
# name 4 = sbeox0Mg/L: Oxygen, SBE 43 [mg/l]
# name 5 = oxsatMg/L: Oxygen Saturation, Weiss [mg/l]
# name 6 = oxsolMg/L: Oxygen Saturation, Garcia & Gordon [mg/l]
# name 7 = sbeox0PS: Oxygen, SBE 43 [% saturation]
# name 8 = flECO-AFL: Fluorescence, WET Labs ECO-AFL/FL [mg/m^3]
# name 9 = turbWETntu0: Turbidity, WET Labs ECO [NTU]
# name 10 = par: PAR/Irradiance, Biospherical/Licor
# name 11 = xmiss: Beam Transmission, Chelsea/Seatech [%]
# name 12 = bat: Beam Attenuation, Chelsea/Seatech [1/m]
# name 13 = ph: pH
# name 14 = orp: Oxidation Reduction Potential [mV]
# name 15 = prDM: Pressure, Digiquartz [db]
# name 16 = potemp090C: Potential Temperature [ITS-90, deg C]
# name 17 = pta090C: Potential Temperature Anomaly [ITS-90, deg C], a0 = 0, a1 = 0
# name 18 = ptempC: Pressure Temperature [deg C]
# name 19 = density00: Density [density, kg/m^3]
# name 20 = sigma-é00: Density [sigma-theta, kg/m^3]
# name 21 = flag:  0.000e+00
# span 0 =     -0.127,     23.595                 
# span 1 =    20.2609,    20.3667                 
# span 2 =     5.0526,    40.1451                 
# span 3 =     1.9831,    28.6207                 
# span 4 =     6.7552,     8.3767                 
# span 5 =    7.11388,    8.75873                 
# span 6 =    7.12710,    8.77550                 
# span 7 =     94.615,     96.943                 
# span 8 =    -0.6300,    49.3700                 
# span 9 =    -0.0764,     0.8211                 
# span 10 = 1.0000e-12, 1.0000e-12                
# span 11 =    37.1062,    94.5311                
# span 12 =     0.2250,     3.9655                
# span 13 =      8.205,      8.246                
# span 14 =   171.9058,   186.4494                
# span 15 =     -0.127,     23.751                
# span 16 =    20.2568,    20.3666                
# span 17 =    20.2568,    20.3666                
# span 18 =      20.63,      20.83                
# span 19 =  1001.9827,  1028.7225                
# span 20 =     1.9831,    28.6218                
# span 21 = 0.0000e+00, 0.0000e+00                
# interval = seconds: 0.0416667
# start_time = Mar 06 2020 05:56:50 [NMEA time, header]
# bad_flag = -9.990e-29
*END*
[from data line 66]
      0.248    20.3598    40.1294    28.5820     6.8241    7.11451    7.12772     95.740     0.3590     0.4425 1.0000e-12    94.5311     0.2250      8.242   171.9058      0.250    20.3598    20.3598      20.63  1028.5831    28.5820  0.000e+00
      0.537    20.3604    40.1285    28.5812     6.8237    7.11447    7.12768     95.736     0.3590     0.4425 1.0000e-12    94.5039     0.2261      8.242   171.9058      0.541    20.3603    20.3603      20.63  1028.5835    28.5812  0.000e+00
      0.365    20.3616    40.1269    28.5796     6.8185    7.11438    7.12760     95.663     0.3590     0.4425 1.0000e-12    94.5311     0.2250      8.241   171.9058      0.368    20.3615    20.3615      20.63  1028.5812    28.5796  0.000e+00
      0.420    20.3606    40.1276    28.5804     6.8228    7.11448    7.12770     95.723     0.3590     0.4364 1.0000e-12    94.5311     0.2250      8.242   171.9058      0.423    20.3605    20.3605      20.63  1028.5823    28.5805  0.000e+00
      0.365    20.3595    40.1285    28.5814     6.8226    7.11459    7.12780     95.718     0.3590     0.4425 1.0000e-12    94.5311     0.2250      8.242   171.9058      0.368    20.3594    20.3594      20.63  1028.5830    28.5814  0.000e+00
      0.303    20.3595    40.1295    28.5822     6.8222    7.11455    7.12776     95.714     0.3590     0.4425 1.0000e-12    94.5311     0.2250      8.242   171.9058      0.305    20.3594    20.3594      20.63  1028.5835    28.5822  0.000e+00
      0.365    20.3597    40.1300    28.5825     6.8266    7.11450    7.12771     95.776     0.2980     0.4425 1.0000e-12    94.5311     0.2250      8.242   171.9058      0.368    20.3596    20.3596      20.63  1028.5841    28.5825  0.000e+00
      0.365    20.3600    40.1300    28.5824     6.8264    7.11446    7.12767     95.773     0.1637     0.4364 1.0000e-12    94.5039     0.2261      8.242   172.5118      0.368    20.3599    20.3599      20.63  1028.5840    28.5824  0.000e+00
      0.303    20.3605    40.1296    28.5820     6.8310    7.11440    7.12762     95.838     0.1148     0.4303 1.0000e-12    94.5039     0.2261      8.242   171.9058      0.305    20.3605    20.3605      20.63  1028.5833    28.5820  0.000e+00
      0.365    20.3606    40.1302    28.5824     6.8269    7.11437    7.12759     95.781     0.1270     0.4303 1.0000e-12    94.5311     0.2250      8.242   171.9058      0.368    20.3605    20.3605      20.63  1028.5840    28.5824  0.000e+00
      0.303    20.3624    40.1286    28.5807     6.8314    7.11421    7.12743     95.847     0.1270     0.4242 1.0000e-12    94.5311     0.2250      8.241   171.9058      0.305    20.3623    20.3623      20.63  1028.5820    28.5807  0.000e+00
      0.303    20.3631    40.1283    28.5803     6.8364    7.11413    7.12735     95.918     0.1270     0.4364 1.0000e-12    94.5039     0.2261      8.241   171.9058      0.305    20.3630    20.3630      20.63  1028.5816    28.5803  0.000e+00
      0.303    20.3646    40.1266    28.5786     6.8371    7.11401    7.12723     95.929     0.1270     0.4364 1.0000e-12    94.5311     0.2250      8.241   171.9058      0.305    20.3645    20.3645      20.63  1028.5799    28.5786  0.000e+00
      0.303    20.3656    40.1259    28.5778     6.8378    7.11391    7.12713     95.940     0.1270     0.4364 1.0000e-12    94.5039     0.2261      8.241   171.9058      0.305    20.3655    20.3655      20.63  1028.5791    28.5778  0.000e+00
      0.248    20.3656    40.1256    28.5775     6.8388    7.11391    7.12713     95.955     0.1270     0.4364 1.0000e-12    94.3681     0.2319      8.241   171.9058      0.250    20.3656    20.3656      20.63  1028.5786    28.5775  0.000e+00
      0.365    20.3650    40.1267    28.5785     6.8398    7.11395    7.12717     95.968     0.1270     0.4303 1.0000e-12    94.2866     0.2353      8.241   171.9058      0.368    20.3649    20.3649      20.63  1028.5801    28.5785  0.000e+00
      0.248    20.3640    40.1276    28.5795     6.8407    7.11405    7.12726     95.979     0.1270     0.4364 1.0000e-12    94.2866     0.2353      8.241   171.9058      0.250    20.3639    20.3639      20.63  1028.5806    28.5795  0.000e+00
      0.303    20.3629    40.1285    28.5805     6.8372    7.11414    7.12736     95.929     0.1270     0.4242 1.0000e-12    94.2866     0.2353      8.241   171.9058      0.305    20.3629    20.3629      20.63  1028.5818    28.5805  0.000e+00
      0.248    20.3629    40.1285    28.5805     6.8424    7.11415    7.12736     96.002     0.1270     0.4364 1.0000e-12    94.2866     0.2353      8.241   171.9058      0.250    20.3628    20.3628      20.63  1028.5815    28.5805  0.000e+00
      0.303    20.3627    40.1267    28.5791     6.8389    7.11425    7.12746     95.952     0.1270     0.4303 1.0000e-12    94.2866     0.2353      8.241   171.9058      0.305    20.3627    20.3627      20.63  1028.5804    28.5791  0.000e+00
      0.248    20.3644    40.1200    28.5736     6.8442    7.11431    7.12753     96.025     0.1270     0.4303 1.0000e-12    94.2866     0.2353      8.241   171.9058      0.250    20.3644    20.3644      20.63  1028.5746    28.5736  0.000e+00
      0.303    20.3667    40.1227    28.5750     6.8400    7.11390    7.12712     95.972     0.1270     0.4242 1.0000e-12    94.2866     0.2353      8.241   171.9058      0.305    20.3666    20.3666      20.63  1028.5763    28.5750  0.000e+00
      0.303    20.3659    40.1256    28.5775     6.8405    7.11388    7.12710     95.979     0.1270     0.4303 1.0000e-12    94.2866     0.2353      8.241   171.9058      0.305    20.3658    20.3658      20.63  1028.5788    28.5775  0.000e+00
      0.248    20.3640    40.1274    28.5793     6.8457    7.11404    7.12726     96.050     0.1270     0.4303 1.0000e-12    94.2866     0.2353      8.241   171.9058      0.250    20.3640    20.3640      20.63  1028.5804    28.5793  0.000e+00
      0.303    20.3632    40.1282    28.5801     6.8512    7.11411    7.12733     96.126     0.1270     0.4364 1.0000e-12    94.2866     0.2353      8.241   171.9058      0.305    20.3632    20.3632      20.63  1028.5815    28.5802  0.000e+00
      0.248    20.3629    40.1288    28.5807     6.8523    7.11413    7.12735     96.140     0.1270     0.4364 1.0000e-12    94.3138     0.2342      8.241   171.9058      0.250    20.3628    20.3628      20.63  1028.5818    28.5807  0.000e+00
      0.248    20.3626    40.1292    28.5811     6.8485    7.11416    7.12737     96.087     0.1270     0.4364 1.0000e-12    94.3138     0.2342      8.241   171.9058      0.250    20.3625    20.3625      20.63  1028.5822    28.5811  0.000e+00
      0.303    20.3622    40.1293    28.5813     6.8491    7.11421    7.12742     96.095     0.1270     0.4364 1.0000e-12    94.2866     0.2353      8.241   171.9058      0.305    20.3621    20.3621      20.63  1028.5826    28.5813  0.000e+00
      0.248    20.3620    40.1288    28.5810     6.8496    7.11425    7.12746     96.102     0.1270     0.4303 1.0000e-12    94.3138     0.2342      8.241   171.9058      0.250    20.3620    20.3620      20.63  1028.5821    28.5810  0.000e+00
      0.303    20.3626    40.1280    28.5802     6.8550    7.11421    7.12742     96.178     0.1270     0.4364 1.0000e-12    94.2866     0.2353      8.241   171.9058      0.305    20.3625    20.3625      20.63  1028.5815    28.5802  0.000e+00
      0.303    20.3625    40.1281    28.5803     6.8512    7.11421    7.12743     96.125     0.1270     0.4242 1.0000e-12    94.2866     0.2353      8.241   171.9058      0.305    20.3625    20.3625      20.63  1028.5816    28.5803  0.000e+00
      0.248    20.3626    40.1278    28.5800     6.8563    7.11422    7.12743     96.196     0.1270     0.4303 1.0000e-12    94.2866     0.2353      8.241   171.9058      0.250    20.3625    20.3625      20.63  1028.5811    28.5801  0.000e+00
      0.365    20.3629    40.1273    28.5796     6.8571    7.11420    7.12741     96.208     0.1270     0.4364 1.0000e-12    94.2866     0.2353      8.241   171.9058      0.368    20.3628    20.3628      20.63  1028.5812    28.5796  0.000e+00
      0.303    20.3631    40.1272    28.5794     6.8533    7.11418    7.12739     96.154     0.1026     0.4242 1.0000e-12    94.2866     0.2353      8.241   171.9058      0.305    20.3630    20.3630      20.63  1028.5808    28.5795  0.000e+00
      0.303    20.3636    40.1269    28.5791     6.8585    7.11412    7.12733     96.229    -0.0195     0.4181 1.0000e-12    94.2595     0.2365      8.241   171.9058      0.305    20.3636    20.3636      20.63  1028.5804    28.5791  0.000e+00
      0.365    20.3638    40.1272    28.5792     6.8639    7.11409    7.12730     96.304    -0.0683     0.3998 1.0000e-12    94.2323     0.2376      8.241   171.9058      0.368    20.3637    20.3637      20.63  1028.5808    28.5793  0.000e+00
      0.365    20.3634    40.1275    28.5796     6.8649    7.11412    7.12734     96.318    -0.0683     0.4059 1.0000e-12    94.2323     0.2376      8.241   171.9058      0.368    20.3634    20.3634      20.63  1028.5812    28.5796  0.000e+00
      0.365    20.3633    40.1280    28.5800     6.8705    7.11411    7.12733     96.396    -0.0683     0.4120 1.0000e-12    94.2323     0.2376      8.241   171.9058      0.368    20.3632    20.3632      20.63  1028.5816    28.5800  0.000e+00
      0.365    20.3624    40.1289    28.5810     6.8672    7.11420    7.12741     96.349    -0.0683     0.3998 1.0000e-12    94.2323     0.2376      8.241   171.9058      0.368    20.3623    20.3623      20.63  1028.5826    28.5810  0.000e+00
      0.365    20.3624    40.1287    28.5808     6.8724    7.11421    7.12742     96.423    -0.0683     0.3998 1.0000e-12    94.2323     0.2376      8.241   171.9058      0.368    20.3623    20.3623      20.63  1028.5824    28.5808  0.000e+00
      0.420    20.3629    40.1280    28.5801     6.8779    7.11416    7.12738     96.499    -0.0683     0.4059 1.0000e-12    94.2595     0.2365      8.241   171.9058      0.423    20.3629    20.3629      20.63  1028.5819    28.5801  0.000e+00
      0.420    20.3632    40.1281    28.5801     6.8789    7.11412    7.12734     96.515    -0.0683     0.4120 1.0000e-12    94.2595     0.2365      8.241   171.9058      0.423    20.3632    20.3632      20.63  1028.5819    28.5801  0.000e+00
      0.420    20.3636    40.1280    28.5799     6.8799    7.11407    7.12729     96.529    -0.0683     0.4120 1.0000e-12    94.2595     0.2365      8.241   171.9058      0.423    20.3635    20.3635      20.63  1028.5818    28.5800  0.000e+00
      0.420    20.3636    40.1285    28.5802     6.8806    7.11405    7.12727     96.539    -0.0683     0.4059 1.0000e-12    94.2323     0.2376      8.241   171.9058      0.423    20.3636    20.3636      20.63  1028.5821    28.5803  0.000e+00
      0.420    20.3638    40.1261    28.5784     6.8810    7.11413    7.12735     96.544    -0.0683     0.4059 1.0000e-12    94.2595     0.2365      8.241   171.9058      0.423    20.3637    20.3637      20.63  1028.5802    28.5784  0.000e+00
      0.420    20.3640    40.1234    28.5762     6.8814    7.11421    7.12743     96.548    -0.0683     0.3998 1.0000e-12    94.2323     0.2376      8.241   171.9058      0.423    20.3640    20.3640      20.63  1028.5781    28.5763  0.000e+00
      0.420    20.3643    40.1271    28.5790     6.8860    7.11402    7.12724     96.615    -0.0683     0.4120 1.0000e-12    94.2595     0.2365      8.241   171.9058      0.423    20.3642    20.3642      20.63  1028.5809    28.5791  0.000e+00
      0.483    20.3643    40.1286    28.5801     6.8818    7.11396    7.12718     96.557    -0.0683     0.4120 1.0000e-12    94.2595     0.2365      8.241   172.5118      0.486    20.3642    20.3642      20.63  1028.5822    28.5802  0.000e+00
      0.483    20.3644    40.1282    28.5799     6.8864    7.11396    7.12718     96.621    -0.0683     0.4120 1.0000e-12    94.2323     0.2376      8.241   171.9058      0.486    20.3643    20.3643      20.63  1028.5820    28.5799  0.000e+00
      0.483    20.3643    40.1282    28.5798     6.8866    7.11398    7.12719     96.624    -0.0683     0.4120 1.0000e-12    94.2595     0.2365      8.241   171.9058      0.486    20.3642    20.3642      20.63  1028.5820    28.5799  0.000e+00
      0.483    20.3641    40.1283    28.5800     6.8822    7.11399    7.12721     96.562    -0.0683     0.4059 1.0000e-12    94.2323     0.2376      8.241   171.9058      0.486    20.3640    20.3640      20.63  1028.5821    28.5800  0.000e+00
      0.537    20.3642    40.1288    28.5804     6.8863    7.11396    7.12718     96.620    -0.0683     0.4059 1.0000e-12    94.2323     0.2376      8.241   171.9058      0.541    20.3641    20.3641      20.63  1028.5827    28.5804  0.000e+00
      0.483    20.3638    40.1292    28.5808     6.8862    7.11400    7.12722     96.619    -0.0683     0.4059 1.0000e-12    94.2323     0.2376      8.241   171.9058      0.486    20.3637    20.3637      20.63  1028.5829    28.5808  0.000e+00
      0.537    20.3636    40.1286    28.5804     6.8862    7.11405    7.12727     96.618    -0.0683     0.3998 1.0000e-12    94.2323     0.2376      8.241   171.9058      0.541    20.3635    20.3635      20.63  1028.5827    28.5804  0.000e+00
      0.537    20.3628    40.1291    28.5809     6.8861    7.11414    7.12736     96.615    -0.0683     0.4120 1.0000e-12    94.1508     0.2411      8.241   172.5118      0.541    20.3627    20.3627      20.63  1028.5833    28.5810  0.000e+00
      0.537    20.3627    40.1292    28.5811     6.8861    7.11414    7.12736     96.614    -0.0683     0.4059 1.0000e-12    94.0965     0.2434      8.241   171.9058      0.541    20.3626    20.3626      20.63  1028.5834    28.5811  0.000e+00
      0.537    20.3636    40.1290    28.5807     6.8858    7.11403    7.12725     96.613    -0.0683     0.4059 1.0000e-12    94.0965     0.2434      8.241   171.9058      0.541    20.3635    20.3635      20.63  1028.5830    28.5807  0.000e+00
      0.592    20.3636    40.1289    28.5806     6.8905    7.11403    7.12725     96.679    -0.0683     0.4120 1.0000e-12    94.0965     0.2434      8.241   171.9058      0.596    20.3635    20.3635      20.63  1028.5832    28.5806  0.000e+00
      0.537    20.3636    40.1288    28.5805     6.8905    7.11404    7.12726     96.678    -0.0683     0.4120 1.0000e-12    94.0965     0.2434      8.241   171.9058      0.541    20.3635    20.3635      20.63  1028.5829    28.5806  0.000e+00
      0.537    20.3631    40.1285    28.5804     6.8908    7.11412    7.12733     96.681    -0.0683     0.4059 1.0000e-12    94.0965     0.2434      8.241   171.9058      0.541    20.3630    20.3630      20.63  1028.5828    28.5805  0.000e+00
      0.592    20.3624    40.1286    28.5807     6.8913    7.11421    7.12743     96.687    -0.0439     0.3998 1.0000e-12    94.0965     0.2434      8.241   171.9058      0.596    20.3622    20.3622      20.63  1028.5833    28.5807  0.000e+00
      0.592    20.3622    40.1287    28.5808     6.8916    7.11423    7.12745     96.691     0.1148     0.3266 1.0000e-12    94.0965     0.2434      8.241   171.9058      0.596    20.3621    20.3621      20.63  1028.5834    28.5809  0.000e+00
      0.592    20.3620    40.1291    28.5812     6.8919    7.11423    7.12745     96.695     0.2003     0.2960 1.0000e-12    94.0965     0.2434      8.241   171.9058      0.596    20.3619    20.3619      20.63  1028.5837    28.5812  0.000e+00
      0.654    20.3620    40.1287    28.5808     6.8921    7.11426    7.12747     96.698     0.2003     0.2899 1.0000e-12    94.0965     0.2434      8.241   171.9058      0.659    20.3619    20.3619      20.63  1028.5837    28.5809  0.000e+00
      0.592    20.3620    40.1293    28.5813     6.8922    7.11423    7.12744     96.699     0.2003     0.2960 1.0000e-12    94.0965     0.2434      8.241   171.9058      0.596    20.3619    20.3619      20.63  1028.5839    28.5814  0.000e+00
