Data/RVJanan08404.cnv
* Sea-Bird SBE 9 Data File:
* FileName = C:\CruiseData\CTD911\RVJanan084\Hex\RVJanan08404.hex
* Software Version Seasave V 7.26.7.121
* Temperature SN = 5958
* Conductivity SN = 3674
* Number of Bytes Per Scan = 37
* Number of Voltage Words = 4
* Number of Scans Averaged by the Deck Unit = 1
* NMEA Latitude = 25 32.44 N
* NMEA Longitude = 051 45.65 E
* NMEA UTC (Time) = Mar 08 2020  08:38:50
* NMEA baud rate = 4800
** Ship: R/V JANAN
** Cruise: NPRP10Restore04-March2020
** Station: Restore Nursery
** Bottom Depth [m]: 14
** Operator: MD
# nquan = 22
# nvalues = 2146                                  
# units = specified
# name 0 = depSM: Depth [salt water, m]
# name 1 = t090C: Temperature [ITS-90, deg C]
# name 2 = sal00: Salinity, Practical [PSU]
# name 3 = sigma-t00: Density [sigma-t, kg/m^3 ]
# name 4 = sbeox0Mg/L: Oxygen, SBE 43 [mg/l]
# name 5 = oxsatMg/L: Oxygen Saturation, Weiss [mg/l]
# name 6 = oxsolMg/L: Oxygen Saturation, Garcia & Gordon [mg/l]
# name 7 = sbeox0PS: Oxygen, SBE 43 [% saturation]
# name 8 = flECO-AFL: Fluorescence, WET Labs ECO-AFL/FL [mg/m^3]
# name 9 = turbWETntu0: Turbidity, WET Labs ECO [NTU]
# name 10 = par: PAR/Irradiance, Biospherical/Licor
# name 11 = xmiss: Beam Transmission, Chelsea/Seatech [%]
# name 12 = bat: Beam Attenuation, Chelsea/Seatech [1/m]
# name 13 = ph: pH
# name 14 = orp: Oxidation Reduction Potential [mV]
# name 15 = prDM: Pressure, Digiquartz [db]
# name 16 = potemp090C: Potential Temperature [ITS-90, deg C]
# name 17 = pta090C: Potential Temperature Anomaly [ITS-90, deg C], a0 = 0, a1 = 0
# name 18 = ptempC: Pressure Temperature [deg C]
# name 19 = density00: Density [density, kg/m^3]
# name 20 = sigma-é00: Density [sigma-theta, kg/m^3]
# name 21 = flag:  0.000e+00
# span 0 =     -0.171,     12.855                 
# span 1 =    20.3638,    20.7977                 
# span 2 =     3.1162,    40.6962                 
# span 3 =     0.4568,    28.9932                 
# span 4 =     6.8079,     8.5954                 
# span 5 =    7.03596,    8.81195                 
# span 6 =    7.04949,    8.82884                 
# span 7 =     95.055,     97.694                 
# span 8 =    -0.2515,     0.5666                 
# span 9 =    -0.0214,     1.1446                 
# span 10 = 1.0000e-12, 1.0000e-12                
# span 11 =    73.9407,   105.1794                
# span 12 =    -0.2020,     1.2076                
# span 13 =      8.190,      8.214                
# span 14 =   214.9306,   218.5665                
# span 15 =     -0.173,     12.939                
# span 16 =    20.3613,    20.7977                
# span 17 =    20.3613,    20.7977                
# span 18 =      20.65,      20.74                
# span 19 =  1000.4566,  1029.0486                
# span 20 =     0.4568,    28.9938                
# span 21 = 0.0000e+00, 0.0000e+00                
# interval = seconds: 0.0416667
# start_time = Mar 08 2020 08:38:50 [NMEA time, header]
# bad_flag = -9.990e-29
*END*
[from data line 2042]
      0.804    20.5152    40.6755    28.9567     6.8907    7.07173    7.08498     97.257     0.2247     0.8638 1.0000e-12    86.1917     0.5944      8.200   217.9605      0.809    20.5150    20.5150      20.70  1028.9602    28.9568  0.000e+00
      0.867    20.5178    40.6735    28.9545     6.8901    7.07148    7.08473     97.253     0.2247     0.8638 1.0000e-12    86.1917     0.5944      8.204   217.9605      0.872    20.5177    20.5177      20.70  1028.9582    28.9545  0.000e+00
      0.867    20.5184    40.6729    28.9539     6.8900    7.07143    7.08469     97.252     0.2247     0.8638 1.0000e-12    86.1917     0.5944      8.200   217.9605      0.872    20.5182    20.5182      20.70  1028.9577    28.9539  0.000e+00
      0.867    20.5189    40.6727    28.9535     6.8896    7.07138    7.08463     97.246     0.2247     0.8638 1.0000e-12    86.1917     0.5944      8.200   217.9605      0.872    20.5187    20.5187      20.70  1028.9573    28.9536  0.000e+00
      0.749    20.5191    40.6715    28.9526     6.8845    7.07140    7.08465     97.175     0.2247     0.8638 1.0000e-12    86.1646     0.5956      8.200   217.9605      0.754    20.5190    20.5190      20.70  1028.9558    28.9526  0.000e+00
      0.867    20.5173    40.6700    28.9519     6.8888    7.07169    7.08495     97.231     0.2247     0.8638 1.0000e-12    86.1917     0.5944      8.200   217.9605      0.872    20.5171    20.5171      20.70  1028.9557    28.9520  0.000e+00
      0.749    20.5153    40.6701    28.9526     6.8885    7.07194    7.08519     97.224     0.2247     0.8577 1.0000e-12    86.1917     0.5944      8.200   217.9605      0.754    20.5152    20.5152      20.70  1028.9558    28.9526  0.000e+00
      0.812    20.5139    40.6706    28.9533     6.8882    7.07210    7.08535     97.218     0.2247     0.8577 1.0000e-12    86.1917     0.5944      8.200   217.9605      0.817    20.5137    20.5137      20.70  1028.9569    28.9534  0.000e+00
      0.750    20.5134    40.6721    28.9546     6.8876    7.07211    7.08536     97.209     0.2247     0.8638 1.0000e-12    86.1917     0.5944      8.204   217.9605      0.754    20.5132    20.5132      20.70  1028.9579    28.9547  0.000e+00
      0.750    20.5143    40.6722    28.9545     6.8824    7.07199    7.08524     97.137     0.2125     0.8455 1.0000e-12    86.1917     0.5944      8.200   217.9605      0.754    20.5141    20.5141      20.70  1028.9577    28.9545  0.000e+00
      0.750    20.5136    40.6710    28.9537     6.8817    7.07213    7.08538     97.126     0.1881     0.8394 1.0000e-12    86.1917     0.5944      8.200   217.9605      0.754    20.5134    20.5134      20.70  1028.9570    28.9538  0.000e+00
      0.750    20.5123    40.6714    28.9544     6.8813    7.07228    7.08553     97.117     0.1881     0.8394 1.0000e-12    86.1917     0.5944      8.200   217.9605      0.754    20.5121    20.5121      20.70  1028.9577    28.9544  0.000e+00
      0.695    20.5119    40.6728    28.9556     6.8849    7.07227    7.08552     97.169     0.1881     0.8394 1.0000e-12    86.1917     0.5944      8.200   217.9605      0.699    20.5118    20.5118      20.70  1028.9586    28.9556  0.000e+00
      0.695    20.5124    40.6729    28.9555     6.8890    7.07219    7.08544     97.227     0.1881     0.8394 1.0000e-12    86.1646     0.5956      8.200   217.9605      0.699    20.5123    20.5123      20.70  1028.9585    28.9555  0.000e+00
      0.695    20.5126    40.6726    28.9552     6.8843    7.07218    7.08543     97.161     0.2003     0.8455 1.0000e-12    86.2189     0.5931      8.200   217.9605      0.699    20.5125    20.5125      20.70  1028.9583    28.9553  0.000e+00
      0.695    20.5125    40.6723    28.9550     6.8791    7.07221    7.08546     97.087     0.1881     0.8394 1.0000e-12    86.3275     0.5881      8.200   217.9605      0.699    20.5124    20.5124      20.70  1028.9580    28.9551  0.000e+00
      0.695    20.5119    40.6736    28.9562     6.8781    7.07223    7.08548     97.073     0.2003     0.8394 1.0000e-12    86.3819     0.5856      8.200   217.9605      0.699    20.5118    20.5118      20.70  1028.9592    28.9562  0.000e+00
      0.632    20.5128    40.6751    28.9571     6.8817    7.07206    7.08531     97.126     0.1881     0.8455 1.0000e-12    86.3819     0.5856      8.200   217.9605      0.637    20.5127    20.5127      20.70  1028.9598    28.9571  0.000e+00
      0.632    20.5157    40.6742    28.9556     6.8763    7.07173    7.08498     97.055     0.2003     0.8394 1.0000e-12    86.3819     0.5856      8.200   217.9605      0.637    20.5156    20.5156      20.70  1028.9583    28.9556  0.000e+00
      0.632    20.5175    40.6730    28.9542     6.8754    7.07154    7.08480     97.044     0.2003     0.8394 1.0000e-12    86.3547     0.5868      8.204   217.9605      0.637    20.5174    20.5174      20.70  1028.9570    28.9543  0.000e+00
      0.632    20.5182    40.6730    28.9539     6.8790    7.07145    7.08470     97.097     0.2003     0.8455 1.0000e-12    86.3819     0.5856      8.200   217.9605      0.637    20.5181    20.5181      20.70  1028.9567    28.9540  0.000e+00
      0.632    20.5205    40.6752    28.9550     6.8781    7.07106    7.08432     97.089     0.2003     0.8455 1.0000e-12    86.3819     0.5856      8.200   217.9605      0.637    20.5204    20.5204      20.70  1028.9577    28.9550  0.000e+00
      0.578    20.5278    40.6792    28.9560     6.8764    7.06997    7.08324     97.079     0.1881     0.8455 1.0000e-12    86.3819     0.5856      8.200   217.9605      0.582    20.5277    20.5277      20.70  1028.9586    28.9561  0.000e+00
      0.578    20.5371    40.6792    28.9535     6.8748    7.06878    7.08205     97.074     0.2003     0.8394 1.0000e-12    86.3819     0.5856      8.200   217.9605      0.582    20.5370    20.5370      20.70  1028.9560    28.9536  0.000e+00
      0.578    20.5424    40.6773    28.9506     6.8739    7.06818    7.08146     97.068     0.1881     0.8394 1.0000e-12    86.3819     0.5856      8.200   217.9605      0.582    20.5423    20.5423      20.70  1028.9531    28.9506  0.000e+00
      0.578    20.5456    40.6766    28.9492     6.8686    7.06781    7.08109     96.999     0.2003     0.8394 1.0000e-12    86.3819     0.5856      8.200   217.9605      0.582    20.5455    20.5455      20.70  1028.9517    28.9492  0.000e+00
      0.578    20.5490    40.6753    28.9473     6.8676    7.06742    7.08071     96.990     0.1881     0.8394 1.0000e-12    86.3819     0.5856      8.200   217.9605      0.582    20.5489    20.5489      20.70  1028.9498    28.9473  0.000e+00
      0.523    20.5512    40.6774    28.9483     6.8711    7.06705    7.08034     97.045     0.2003     0.8394 1.0000e-12    86.3819     0.5856      8.200   217.9605      0.527    20.5511    20.5511      20.70  1028.9505    28.9483  0.000e+00
      0.578    20.5569    40.6772    28.9465     6.8703    7.06633    7.07963     97.044     0.2003     0.8394 1.0000e-12    86.3819     0.5856      8.200   217.9605      0.582    20.5568    20.5568      20.70  1028.9490    28.9465  0.000e+00
      0.523    20.5594    40.6717    28.9416     6.8746    7.06624    7.07953     97.106     0.1881     0.8455 1.0000e-12    86.3819     0.5856      8.200   217.9605      0.527    20.5593    20.5593      20.70  1028.9439    28.9416  0.000e+00
      0.461    20.5567    40.6695    28.9407     6.8659    7.06667    7.07997     96.976     0.2003     0.8394 1.0000e-12    86.3819     0.5856      8.200   217.9605      0.464    20.5566    20.5566      20.70  1028.9427    28.9407  0.000e+00
      0.461    20.5519    40.6668    28.9400     6.8663    7.06741    7.08070     96.972     0.1881     0.8455 1.0000e-12    86.3819     0.5856      8.200   217.9605      0.464    20.5518    20.5518      20.70  1028.9420    28.9400  0.000e+00
      0.523    20.5476    40.6694    28.9431     6.8710    7.06785    7.08113     97.032     0.1881     0.8394 1.0000e-12    86.3819     0.5856      8.200   217.9605      0.527    20.5475    20.5475      20.70  1028.9454    28.9432  0.000e+00
      0.461    20.5465    40.6747    28.9475     6.8665    7.06776    7.08105     96.970     0.2003     0.8394 1.0000e-12    86.3547     0.5868      8.200   217.9605      0.464    20.5464    20.5464      20.70  1028.9495    28.9475  0.000e+00
      0.461    20.5497    40.6778    28.9489     6.8659    7.06722    7.08051     96.969     0.2003     0.8394 1.0000e-12    86.3819     0.5856      8.200   217.9605      0.464    20.5496    20.5496      20.70  1028.9509    28.9490  0.000e+00
      0.461    20.5520    40.6797    28.9497     6.8701    7.06685    7.08014     97.033     0.2003     0.8394 1.0000e-12    86.4905     0.5805      8.200   217.9605      0.464    20.5519    20.5519      20.70  1028.9517    28.9497  0.000e+00
      0.406    20.5594    40.6845    28.9514     6.8691    7.06571    7.07900     97.035     0.2003     0.8027 1.0000e-12    86.5449     0.5780      8.200   217.9605      0.409    20.5593    20.5593      20.70  1028.9532    28.9514  0.000e+00
      0.406    20.5713    40.6842    28.9479     6.8680    7.06420    7.07750     97.040     0.2003     0.7783 1.0000e-12    86.5449     0.5780      8.200   217.9605      0.409    20.5713    20.5713      20.70  1028.9496    28.9479  0.000e+00
      0.406    20.5818    40.6810    28.9425     6.8670    7.06299    7.07631     97.043     0.2125     0.7661 1.0000e-12    86.5449     0.5780      8.199   217.9605      0.409    20.5817    20.5817      20.70  1028.9443    28.9425  0.000e+00
      0.406    20.5900    40.6770    28.9372     6.8664    7.06211    7.07543     97.046     0.2003     0.7661 1.0000e-12    86.5449     0.5780      8.199   217.9605      0.409    20.5900    20.5900      20.70  1028.9389    28.9372  0.000e+00
      0.406    20.5949    40.6748    28.9341     6.8616    7.06158    7.07491     96.985     0.2125     0.7661 1.0000e-12    86.5449     0.5780      8.199   217.9605      0.409    20.5948    20.5948      20.70  1028.9359    28.9342  0.000e+00
      0.344    20.5981    40.6724    28.9314     6.8658    7.06127    7.07460     97.049     0.2003     0.7722 1.0000e-12    86.5449     0.5780      8.204   217.9605      0.346    20.5981    20.5981      20.70  1028.9329    28.9314  0.000e+00
      0.344    20.5967    40.6711    28.9308     6.8664    7.06151    7.07484     97.054     0.2125     0.7722 1.0000e-12    86.5449     0.5780      8.199   217.9605      0.346    20.5966    20.5966      20.70  1028.9323    28.9309  0.000e+00
      0.344    20.5946    40.6733    28.9331     6.8672    7.06169    7.07502     97.063     0.2003     0.7661 1.0000e-12    86.5449     0.5780      8.199   217.9605      0.346    20.5945    20.5945      20.70  1028.9346    28.9331  0.000e+00
      0.344    20.5962    40.6730    28.9324     6.8674    7.06149    7.07482     97.068     0.2125     0.7661 1.0000e-12    86.5449     0.5780      8.199   217.9605      0.346    20.5961    20.5961      20.70  1028.9339    28.9324  0.000e+00
      0.289    20.5963    40.6723    28.9318     6.8632    7.06150    7.07484     97.008     0.2003     0.7661 1.0000e-12    86.5449     0.5780      8.199   217.9605      0.291    20.5963    20.5963      20.70  1028.9331    28.9318  0.000e+00
      0.289    20.5960    40.6732    28.9326     6.8678    7.06150    7.07484     97.074     0.2003     0.7722 1.0000e-12    86.5449     0.5780      8.199   217.9605      0.291    20.5960    20.5960      20.70  1028.9339    28.9326  0.000e+00
      0.234    20.5965    40.6740    28.9331     6.8636    7.06141    7.07474     97.015     0.2003     0.7661 1.0000e-12    86.5449     0.5780      8.199   217.9605      0.236    20.5965    20.5965      20.70  1028.9341    28.9331  0.000e+00
      0.234    20.6017    40.6819    28.9376     6.8625    7.06042    7.07375     97.013     0.2125     0.7661 1.0000e-12    86.5449     0.5780      8.199   217.9605      0.236    20.6017    20.6017      20.70  1028.9387    28.9377  0.000e+00
      0.172    20.6225    40.6938    28.9410     6.8636    7.05727    7.07063     97.072     0.2125     0.7722 1.0000e-12    86.5449     0.5780      8.199   217.9605      0.173    20.6225    20.6225      20.70  1028.9417    28.9410  0.000e+00
      0.117    20.6520    40.6962    28.9347     6.8597    7.05342    7.06680     97.070     0.2003     0.7722 1.0000e-12    86.5449     0.5780      8.204   217.9605      0.118    20.6519    20.6519      20.70  1028.9352    28.9347  0.000e+00
      0.117    20.6724    40.6919    28.9257     6.8574    7.05099    7.06440     97.069     0.2125     0.7661 1.0000e-12    86.5449     0.5780      8.204   217.9605      0.118    20.6724    20.6724      20.70  1028.9262    28.9257  0.000e+00
      0.117    20.6893    40.6848    28.9156     6.8556    7.04914    7.06256     97.069     0.2003     0.7661 1.0000e-12    86.5449     0.5780      8.204   217.9605      0.118    20.6893    20.6893      20.70  1028.9161    28.9156  0.000e+00
      0.117    20.6998    40.6804    28.9093     6.8543    7.04799    7.06142     97.066     0.2003     0.7722 1.0000e-12    86.5449     0.5780      8.204   217.9605      0.118    20.6998    20.6998      20.70  1028.9098    28.9093  0.000e+00
      0.117    20.7077    40.6819    28.9083     6.8533    7.04693    7.06036     97.067     0.2003     0.7722 1.0000e-12    86.5177     0.5793      8.204   217.9605      0.118    20.7077    20.7077      20.70  1028.9088    28.9083  0.000e+00
      0.055    20.7219    40.6901    28.9106     6.8512    7.04479    7.05824     97.067     0.2125     0.7722 1.0000e-12    86.5720     0.5768      8.203   217.9605      0.055    20.7219    20.7219      20.70  1028.9108    28.9106  0.000e+00
      0.117    20.7372    40.6870    28.9040     6.8540    7.04297    7.05643     97.132     0.2003     0.7722 1.0000e-12    86.5720     0.5768      8.203   217.9605      0.118    20.7372    20.7372      20.70  1028.9045    28.9040  0.000e+00
      0.000    20.7460    40.6795    28.8958     6.8535    7.04216    7.05564     97.135     0.2125     0.7661 1.0000e-12    86.5720     0.5768      8.203   217.9605      0.000    20.7460    20.7460      20.70  1028.8958    28.8958  0.000e+00
      0.055    20.7487    40.6778    28.8937     6.8488    7.04189    7.05536     97.073     0.2125     0.7661 1.0000e-12    86.5720     0.5768      8.203   217.9605      0.055    20.7487    20.7487      20.70  1028.8939    28.8937  0.000e+00
      0.000    20.7584    40.6811    28.8935     6.8518    7.04052    7.05400     97.133     0.2003     0.7661 1.0000e-12    86.5720     0.5768      8.203   217.9605      0.000    20.7584    20.7584      20.70  1028.8935    28.8935  0.000e+00
      0.000    20.7690    40.6795    28.8894     6.8550    7.03924    7.05274     97.197     0.2003     0.7783 1.0000e-12    86.5992     0.5755      8.203   217.9605      0.000    20.7690    20.7690      20.70  1028.8894    28.8894  0.000e+00
      0.000    20.7761    40.6771    28.8855     6.8548    7.03845    7.05195     97.204     0.2003     0.7722 1.0000e-12    86.5992     0.5755      8.203   217.9605      0.000    20.7761    20.7761      20.70  1028.8855    28.8855  0.000e+00
     -0.055    20.7835    40.6756    28.8824     6.8546    7.03757    7.05108     97.214     0.2125     0.7661 1.0000e-12    86.5720     0.5768      8.203   217.9605     -0.055    20.7835    20.7835      20.70  1028.8821    28.8824  0.000e+00
     -0.055    20.7888    40.6759    28.8811     6.8545    7.03688    7.05039     97.221     0.0416     0.6379 1.0000e-12    86.5720     0.5768      8.203   217.9605     -0.055    20.7889    20.7889      20.70  1028.8808    28.8811  0.000e+00
