Data/RVJanan08401.cnv
* Sea-Bird SBE 9 Data File:
* FileName = C:\CruiseData\CTD911\RVJanan084\Hex\RVJanan08401.hex
* Software Version Seasave V 7.26.7.121
* Temperature SN = 5958
* Conductivity SN = 3674
* Number of Bytes Per Scan = 37
* Number of Voltage Words = 4
* Number of Scans Averaged by the Deck Unit = 1
* NMEA Latitude = 26 36.11 N
* NMEA Longitude = 051 17.33 E
* NMEA UTC (Time) = Mar 06 2020  05:56:50
* NMEA baud rate = 4800
** Ship: R/V JANAN
** Cruise: NPRP10Restore04-March2020
** Station: Binzayan
** Bottom Depth [m]: 22
** Operator: MD
# nquan = 22
# nvalues = 5271                                  
# units = specified
# name 0 = depSM: Depth [salt water, m]
# name 1 = t090C: Temperature [ITS-90, deg C]
# name 2 = sal00: Salinity, Practical [PSU]
# name 3 = sigma-t00: Density [sigma-t, kg/m^3 ]
# name 4 = sbeox0Mg/L: Oxygen, SBE 43 [mg/l]
# name 5 = oxsatMg/L: Oxygen Saturation, Weiss [mg/l]
# name 6 = oxsolMg/L: Oxygen Saturation, Garcia & Gordon [mg/l]
# name 7 = sbeox0PS: Oxygen, SBE 43 [% saturation]
# name 8 = flECO-AFL: Fluorescence, WET Labs ECO-AFL/FL [mg/m^3]
# name 9 = turbWETntu0: Turbidity, WET Labs ECO [NTU]
# name 10 = par: PAR/Irradiance, Biospherical/Licor
# name 11 = xmiss: Beam Transmission, Chelsea/Seatech [%]
# name 12 = bat: Beam Attenuation, Chelsea/Seatech [1/m]
# name 13 = ph: pH
# name 14 = orp: Oxidation Reduction Potential [mV]
# name 15 = prDM: Pressure, Digiquartz [db]
# name 16 = potemp090C: Potential Temperature [ITS-90, deg C]
# name 17 = pta090C: Potential Temperature Anomaly [ITS-90, deg C], a0 = 0, a1 = 0
# name 18 = ptempC: Pressure Temperature [deg C]
# name 19 = density00: Density [density, kg/m^3]
# name 20 = sigma-é00: Density [sigma-theta, kg/m^3]
# name 21 = flag:  0.000e+00
# span 0 =     -0.127,     23.595                 
# span 1 =    20.2609,    20.3667                 
# span 2 =     5.0526,    40.1451                 
# span 3 =     1.9831,    28.6207                 
# span 4 =     6.7552,     8.3767                 
# span 5 =    7.11388,    8.75873                 
# span 6 =    7.12710,    8.77550                 
# span 7 =     94.615,     96.943                 
# span 8 =    -0.6300,    49.3700                 
# span 9 =    -0.0764,     0.8211                 
# span 10 = 1.0000e-12, 1.0000e-12                
# span 11 =    37.1062,    94.5311                
# span 12 =     0.2250,     3.9655                
# span 13 =      8.205,      8.246                
# span 14 =   171.9058,   186.4494                
# span 15 =     -0.127,     23.751                
# span 16 =    20.2568,    20.3666                
# span 17 =    20.2568,    20.3666                
# span 18 =      20.63,      20.83                
# span 19 =  1001.9827,  1028.7225                
# span 20 =     1.9831,    28.6218                
# span 21 = 0.0000e+00, 0.0000e+00                
# interval = seconds: 0.0416667
# start_time = Mar 06 2020 05:56:50 [NMEA time, header]
# bad_flag = -9.990e-29
*END*
[from data line 4939]
      5.001    20.3147    40.1306    28.5953     6.8644    7.12029    7.13346     96.228     0.2613     0.4242 1.0000e-12    93.8520     0.2538      8.214   180.3896      5.034    20.3137    20.3137      20.78  1028.6171    28.5955  0.000e+00
      4.946    20.3147    40.1305    28.5952     6.8632    7.12029    7.13346     96.212     0.2613     0.4303 1.0000e-12    93.8520     0.2538      8.214   180.3896      4.979    20.3138    20.3138      20.79  1028.6168    28.5955  0.000e+00
      4.884    20.3148    40.1307    28.5953     6.8621    7.12027    7.13343     96.196     0.2613     0.4242 1.0000e-12    93.8248     0.2550      8.214   180.3896      4.916    20.3139    20.3139      20.78  1028.6166    28.5956  0.000e+00
      4.884    20.3151    40.1309    28.5954     6.8607    7.12023    7.13340     96.178     0.2613     0.4303 1.0000e-12    93.8520     0.2538      8.214   180.3896      4.916    20.3141    20.3141      20.78  1028.6167    28.5957  0.000e+00
      4.829    20.3156    40.1314    28.5957     6.8596    7.12014    7.13331     96.163     0.2613     0.4242 1.0000e-12    93.8520     0.2538      8.214   180.3896      4.861    20.3147    20.3147      20.79  1028.6167    28.5959  0.000e+00
      4.766    20.3161    40.1312    28.5953     6.8585    7.12008    7.13325     96.148     0.2613     0.4181 1.0000e-12    93.8520     0.2538      8.214   180.3896      4.798    20.3152    20.3152      20.78  1028.6161    28.5956  0.000e+00
      4.829    20.3163    40.1310    28.5951     6.8576    7.12006    7.13323     96.135     0.2613     0.4242 1.0000e-12    93.8520     0.2538      8.214   180.3896      4.861    20.3154    20.3154      20.78  1028.6162    28.5954  0.000e+00
      4.766    20.3168    40.1305    28.5946     6.8611    7.12002    7.13318     96.186     0.2613     0.4242 1.0000e-12    93.8520     0.2538      8.214   180.3896      4.798    20.3159    20.3159      20.78  1028.6154    28.5949  0.000e+00
      4.720    20.3170    40.1309    28.5949     6.8604    7.11997    7.13314     96.176     0.2613     0.4242 1.0000e-12    93.8520     0.2538      8.214   180.3896      4.751    20.3161    20.3161      20.78  1028.6155    28.5951  0.000e+00
      4.712    20.3174    40.1310    28.5949     6.8600    7.11992    7.13309     96.171     0.2735     0.4181 1.0000e-12    93.8520     0.2538      8.214   180.3896      4.743    20.3165    20.3165      20.78  1028.6154    28.5951  0.000e+00
      4.712    20.3177    40.1311    28.5948     6.8596    7.11988    7.13305     96.167     0.2613     0.4242 1.0000e-12    93.8520     0.2538      8.214   180.3896      4.743    20.3168    20.3168      20.78  1028.6154    28.5951  0.000e+00
      4.657    20.3177    40.1309    28.5947     6.8593    7.11988    7.13305     96.163     0.2613     0.4242 1.0000e-12    93.8520     0.2538      8.214   180.3896      4.688    20.3168    20.3168      20.79  1028.6150    28.5949  0.000e+00
      4.595    20.3183    40.1315    28.5950     6.8635    7.11979    7.13296     96.223     0.2613     0.4242 1.0000e-12    93.8520     0.2538      8.214   180.3896      4.625    20.3174    20.3174      20.78  1028.6151    28.5952  0.000e+00
      4.657    20.3190    40.1313    28.5947     6.8635    7.11970    7.13287     96.224     0.2613     0.4303 1.0000e-12    93.8792     0.2526      8.214   180.3896      4.688    20.3181    20.3181      20.78  1028.6150    28.5949  0.000e+00
      4.540    20.3200    40.1311    28.5942     6.8636    7.11958    7.13275     96.227     0.2613     0.4242 1.0000e-12    93.8792     0.2526      8.214   180.3896      4.570    20.3192    20.3192      20.78  1028.6140    28.5945  0.000e+00
      4.540    20.3204    40.1312    28.5942     6.8640    7.11952    7.13269     96.232     0.2613     0.4242 1.0000e-12    93.8792     0.2526      8.214   180.3896      4.570    20.3196    20.3196      20.78  1028.6140    28.5944  0.000e+00
      4.540    20.3210    40.1313    28.5942     6.8689    7.11944    7.13262     96.302     0.2613     0.4303 1.0000e-12    93.8792     0.2526      8.214   180.3896      4.570    20.3201    20.3201      20.78  1028.6140    28.5944  0.000e+00
      4.485    20.3219    40.1318    28.5943     6.8696    7.11931    7.13249     96.315     0.2735     0.4303 1.0000e-12    93.8792     0.2526      8.214   180.3896      4.515    20.3210    20.3210      20.78  1028.6138    28.5945  0.000e+00
      4.431    20.3226    40.1318    28.5940     6.8705    7.11922    7.13239     96.328     0.2613     0.4242 1.0000e-12    93.8792     0.2526      8.214   180.3896      4.460    20.3217    20.3217      20.80  1028.6134    28.5943  0.000e+00
      4.485    20.3235    40.1318    28.5938     6.8714    7.11910    7.13227     96.343     0.2613     0.4242 1.0000e-12    93.8792     0.2526      8.210   180.3896      4.515    20.3226    20.3226      20.78  1028.6134    28.5941  0.000e+00
      4.368    20.3245    40.1315    28.5933     6.8769    7.11898    7.13216     96.420     0.2613     0.4303 1.0000e-12    93.8792     0.2526      8.214   180.3896      4.397    20.3237    20.3237      20.78  1028.6123    28.5935  0.000e+00
      4.368    20.3251    40.1310    28.5928     6.8738    7.11892    7.13210     96.379     0.2613     0.4242 1.0000e-12    93.8792     0.2526      8.214   180.3896      4.397    20.3243    20.3243      20.80  1028.6118    28.5930  0.000e+00
      4.368    20.3252    40.1312    28.5928     6.8749    7.11890    7.13208     96.395     0.2613     0.4242 1.0000e-12    93.8792     0.2526      8.210   180.3896      4.397    20.3244    20.3244      20.78  1028.6119    28.5931  0.000e+00
      4.306    20.3259    40.1313    28.5928     6.8760    7.11881    7.13199     96.410     0.2613     0.4242 1.0000e-12    93.8792     0.2526      8.214   180.3896      4.334    20.3250    20.3250      20.78  1028.6116    28.5930  0.000e+00
      4.306    20.3264    40.1312    28.5926     6.8817    7.11876    7.13193     96.491     0.2613     0.4303 1.0000e-12    93.8792     0.2526      8.214   180.3896      4.334    20.3255    20.3255      20.78  1028.6114    28.5928  0.000e+00
      4.251    20.3269    40.1311    28.5923     6.8830    7.11869    7.13187     96.511     0.2613     0.4242 1.0000e-12    93.8792     0.2526      8.214   180.3896      4.279    20.3261    20.3261      20.79  1028.6109    28.5925  0.000e+00
      4.251    20.3272    40.1312    28.5923     6.8848    7.11864    7.13182     96.536     0.2491     0.3998 1.0000e-12    93.8792     0.2526      8.210   180.3896      4.279    20.3264    20.3264      20.78  1028.6108    28.5925  0.000e+00
      4.197    20.3278    40.1304    28.5916     6.8862    7.11860    7.13178     96.556     0.2369     0.3876 1.0000e-12    93.8792     0.2526      8.210   180.3896      4.224    20.3270    20.3270      20.78  1028.6099    28.5918  0.000e+00
      4.197    20.3285    40.1300    28.5911     6.8923    7.11853    7.13171     96.642     0.2369     0.3937 1.0000e-12    93.8792     0.2526      8.210   180.3896      4.224    20.3277    20.3277      20.78  1028.6094    28.5913  0.000e+00
      4.142    20.3291    40.1304    28.5912     6.8891    7.11844    7.13162     96.599     0.2369     0.3937 1.0000e-12    93.8792     0.2526      8.210   180.3896      4.169    20.3283    20.3283      20.78  1028.6093    28.5914  0.000e+00
      4.197    20.3295    40.1305    28.5912     6.8949    7.11837    7.13155     96.682     0.2369     0.3998 1.0000e-12    93.8792     0.2526      8.210   180.3896      4.224    20.3287    20.3287      20.78  1028.6095    28.5914  0.000e+00
      4.079    20.3300    40.1303    28.5908     6.8918    7.11832    7.13151     96.638     0.2369     0.3876 1.0000e-12    93.8792     0.2526      8.210   180.3896      4.106    20.3292    20.3292      20.78  1028.6086    28.5911  0.000e+00
      4.079    20.3301    40.1307    28.5912     6.8976    7.11829    7.13148     96.721     0.2369     0.3998 1.0000e-12    93.9607     0.2492      8.210   180.3896      4.106    20.3293    20.3293      20.78  1028.6090    28.5914  0.000e+00
      4.080    20.3300    40.1307    28.5912     6.8944    7.11831    7.13149     96.675     0.2369     0.3937 1.0000e-12    93.9878     0.2480      8.210   180.3896      4.106    20.3292    20.3292      20.78  1028.6090    28.5914  0.000e+00
      4.025    20.3297    40.1303    28.5910     6.8997    7.11836    7.13154     96.749     0.2369     0.3937 1.0000e-12    94.0150     0.2469      8.210   180.3896      4.051    20.3289    20.3289      20.79  1028.6085    28.5912  0.000e+00
      4.025    20.3295    40.1298    28.5907     6.8962    7.11841    7.13159     96.699     0.2369     0.3937 1.0000e-12    94.0150     0.2469      8.210   180.3896      4.051    20.3287    20.3287      20.79  1028.6082    28.5909  0.000e+00
      3.962    20.3292    40.1302    28.5910     6.9012    7.11843    7.13161     96.769     0.2369     0.3937 1.0000e-12    94.0150     0.2469      8.210   180.3896      3.989    20.3284    20.3284      20.78  1028.6083    28.5912  0.000e+00
      3.962    20.3289    40.1308    28.5916     6.8973    7.11844    7.13162     96.715     0.2369     0.3937 1.0000e-12    93.9878     0.2480      8.210   180.3896      3.989    20.3281    20.3281      20.78  1028.6089    28.5918  0.000e+00
      3.962    20.3292    40.1304    28.5911     6.8977    7.11842    7.13161     96.720     0.2369     0.3876 1.0000e-12    93.9878     0.2480      8.210   180.3896      3.989    20.3284    20.3284      20.78  1028.6084    28.5914  0.000e+00
      3.908    20.3292    40.1306    28.5913     6.8981    7.11841    7.13160     96.725     0.2369     0.3937 1.0000e-12    94.0150     0.2469      8.210   180.3896      3.934    20.3284    20.3284      20.78  1028.6084    28.5915  0.000e+00
      3.908    20.3291    40.1308    28.5915     6.9027    7.11842    7.13160     96.791     0.2369     0.3937 1.0000e-12    93.9878     0.2480      8.210   180.3896      3.934    20.3283    20.3283      20.79  1028.6086    28.5917  0.000e+00
      3.845    20.3295    40.1306    28.5913     6.9029    7.11837    7.13155     96.794     0.2369     0.3937 1.0000e-12    93.9878     0.2480      8.210   180.3896      3.871    20.3288    20.3288      20.78  1028.6080    28.5915  0.000e+00
      3.853    20.3296    40.1301    28.5908     6.9032    7.11838    7.13156     96.798     0.2369     0.3937 1.0000e-12    93.9878     0.2480      8.210   180.3896      3.879    20.3289    20.3289      20.78  1028.6076    28.5910  0.000e+00
      3.845    20.3295    40.1303    28.5910     6.9034    7.11838    7.13156     96.801     0.2369     0.3937 1.0000e-12    93.9878     0.2480      8.210   180.3896      3.871    20.3288    20.3288      20.78  1028.6078    28.5912  0.000e+00
      3.736    20.3295    40.1302    28.5909     6.9032    7.11840    7.13158     96.798     0.2491     0.3937 1.0000e-12    93.9878     0.2480      8.210   180.3896      3.761    20.3287    20.3287      20.78  1028.6073    28.5911  0.000e+00
      3.791    20.3292    40.1304    28.5912     6.9077    7.11842    7.13161     96.861     0.2369     0.3937 1.0000e-12    93.9878     0.2480      8.210   180.3896      3.816    20.3285    20.3285      20.78  1028.6077    28.5914  0.000e+00
      3.736    20.3295    40.1307    28.5913     6.9125    7.11837    7.13156     96.929     0.2369     0.3998 1.0000e-12    93.9878     0.2480      8.210   180.3896      3.761    20.3287    20.3287      20.78  1028.6076    28.5915  0.000e+00
      3.674    20.3299    40.1308    28.5913     6.9084    7.11832    7.13150     96.871     0.2369     0.3937 1.0000e-12    93.9878     0.2480      8.214   180.3896      3.698    20.3292    20.3292      20.79  1028.6073    28.5914  0.000e+00
      3.736    20.3303    40.1307    28.5911     6.9129    7.11826    7.13144     96.935     0.2369     0.3937 1.0000e-12    93.9878     0.2480      8.214   180.3896      3.761    20.3296    20.3296      20.78  1028.6074    28.5913  0.000e+00
      3.681    20.3306    40.1308    28.5911     6.9129    7.11822    7.13140     96.936     0.2369     0.3998 1.0000e-12    93.9878     0.2480      8.214   180.3896      3.706    20.3299    20.3299      20.78  1028.6072    28.5913  0.000e+00
      3.619    20.3316    40.1311    28.5911     6.9127    7.11808    7.13126     96.935     0.2369     0.3998 1.0000e-12    94.0150     0.2469      8.214   180.3896      3.643    20.3309    20.3309      20.78  1028.6069    28.5913  0.000e+00
      3.674    20.3323    40.1314    28.5911     6.9126    7.11798    7.13117     96.935     0.2369     0.3937 1.0000e-12    93.9878     0.2480      8.214   180.3896      3.698    20.3315    20.3315      20.79  1028.6072    28.5913  0.000e+00
      3.564    20.3327    40.1309    28.5906     6.9124    7.11795    7.13113     96.932     0.2369     0.3937 1.0000e-12    93.8248     0.2550      8.214   180.3896      3.588    20.3320    20.3320      20.79  1028.6062    28.5908  0.000e+00
      3.619    20.3331    40.1304    28.5901     6.9122    7.11791    7.13110     96.930     0.2247     0.4059 1.0000e-12    93.7162     0.2596      8.214   180.3896      3.643    20.3324    20.3324      20.79  1028.6059    28.5903  0.000e+00
      3.556    20.3332    40.1312    28.5907     6.9118    7.11787    7.13105     96.925     0.2125     0.3998 1.0000e-12    93.7162     0.2596      8.214   180.3896      3.580    20.3325    20.3325      20.78  1028.6062    28.5909  0.000e+00
      3.564    20.3339    40.1306    28.5900     6.9114    7.11781    7.13100     96.920     0.2125     0.3998 1.0000e-12    93.7162     0.2596      8.214   180.3896      3.588    20.3332    20.3332      20.78  1028.6056    28.5902  0.000e+00
      3.502    20.3338    40.1306    28.5901     6.9112    7.11782    7.13101     96.918     0.2125     0.3998 1.0000e-12    93.7162     0.2596      8.214   180.3896      3.525    20.3331    20.3331      20.78  1028.6054    28.5903  0.000e+00
      3.502    20.3337    40.1298    28.5895     6.9110    7.11787    7.13105     96.915     0.2125     0.3998 1.0000e-12    93.7162     0.2596      8.214   180.3896      3.525    20.3330    20.3330      20.78  1028.6048    28.5897  0.000e+00
      3.502    20.3330    40.1299    28.5898     6.9108    7.11795    7.13114     96.911     0.2247     0.4059 1.0000e-12    93.7433     0.2584      8.214   180.3896      3.525    20.3323    20.3323      20.79  1028.6051    28.5900  0.000e+00
      3.385    20.3327    40.1302    28.5900     6.9058    7.11798    7.13116     96.840     0.2125     0.3998 1.0000e-12    93.7162     0.2596      8.214   180.3896      3.407    20.3320    20.3320      20.78  1028.6048    28.5902  0.000e+00
      3.385    20.3321    40.1299    28.5900     6.9053    7.11807    7.13126     96.831     0.2125     0.3998 1.0000e-12    93.7162     0.2596      8.214   180.3896      3.407    20.3314    20.3314      20.78  1028.6048    28.5902  0.000e+00
      3.447    20.3318    40.1307    28.5907     6.9049    7.11808    7.13126     96.825     0.2125     0.3998 1.0000e-12    93.7433     0.2584      8.214   180.3896      3.470    20.3311    20.3311      20.78  1028.6058    28.5909  0.000e+00
      3.393    20.3326    40.1317    28.5912     6.9042    7.11793    7.13111     96.818     0.2125     0.4059 1.0000e-12    93.7162     0.2596      8.214   180.3896      3.415    20.3320    20.3320      20.79  1028.6060    28.5914  0.000e+00
      3.385    20.3336    40.1318    28.5910     6.9035    7.11779    7.13098     96.810     0.2125     0.3998 1.0000e-12    93.7433     0.2584      8.214   180.3896      3.407    20.3329    20.3329      20.79  1028.6058    28.5912  0.000e+00
      3.330    20.3340    40.1307    28.5901     6.9074    7.11778    7.13097     96.865     0.2247     0.4059 1.0000e-12    93.7433     0.2584      8.214   180.3896      3.352    20.3334    20.3334      20.80  1028.6046    28.5903  0.000e+00
