Data/RVJanan08101.ros
* Sea-Bird SBE 9 Data File:
* FileName = C:\CruiseData\CTD911\RVJanan081\Hex\RVJanan08101.hex
* Software Version Seasave V 7.26.7.121
* Temperature SN = 5958
* Conductivity SN = 3674
* Number of Bytes Per Scan = 37
* Number of Voltage Words = 4
* Number of Scans Averaged by the Deck Unit = 1
* NMEA Latitude = 26 36.10 N
* NMEA Longitude = 051 17.44 E
* NMEA UTC (Time) = Jan 17 2020  08:22:52
* NMEA baud rate = 4800
** Ship: R/V JANAN
** Cruise: NPRP10Restore03-Jan20
** Station: Binzayan
** Bottom Depth [m]: 22
** Operator: MD
# nquan = 24
# nvalues = 98                                    
# units = specified
# name 0 = depSM: Depth [salt water, m]
# name 1 = t090C: Temperature [ITS-90, deg C]
# name 2 = sal00: Salinity, Practical [PSU]
# name 3 = sigma-t00: Density [sigma-t, kg/m^3 ]
# name 4 = sbeox0Mg/L: Oxygen, SBE 43 [mg/l]
# name 5 = oxsatMg/L: Oxygen Saturation, Weiss [mg/l]
# name 6 = oxsolMg/L: Oxygen Saturation, Garcia & Gordon [mg/l]
# name 7 = sbeox0PS: Oxygen, SBE 43 [% saturation]
# name 8 = flECO-AFL: Fluorescence, WET Labs ECO-AFL/FL [mg/m^3]
# name 9 = turbWETntu0: Turbidity, WET Labs ECO [NTU]
# name 10 = par: PAR/Irradiance, Biospherical/Licor
# name 11 = xmiss: Beam Transmission, Chelsea/Seatech [%]
# name 12 = bat: Beam Attenuation, Chelsea/Seatech [1/m]
# name 13 = ph: pH
# name 14 = orp: Oxidation Reduction Potential [mV]
# name 15 = prDM: Pressure, Digiquartz [db]
# name 16 = potemp090C: Potential Temperature [ITS-90, deg C]
# name 17 = pta090C: Potential Temperature Anomaly [ITS-90, deg C], a0 = 0, a1 = 0
# name 18 = ptempC: Pressure Temperature [deg C]
# name 19 = density00: Density [density, kg/m^3]
# name 20 = sigma-é00: Density [sigma-theta, kg/m^3]
# name 21 = scan: Scan Count
# name 22 = nbf: Bottles Fired
# name 23 = flag:  0.000e+00
# interval = seconds: 0.0416667
# start_time = Jan 17 2020 08:22:52 [NMEA time, header]
# bad_flag = -9.990e-29
*END*
[from data line 61]
      1.791    21.9535    40.1657    28.1622     6.4716    6.91269    6.92728     93.422     0.3956     0.5891 1.0000e-12    88.6334     0.4826      8.067   285.8306      1.803    21.9532    21.9532      26.83  1028.1700    28.1623       5106          2  0.000e+00
      1.791    21.9530    40.1661    28.1627     6.4710    6.91273    6.92733     93.413     0.3956     0.5891 1.0000e-12    88.6334     0.4826      8.067   285.8306      1.803    21.9526    21.9526      26.83  1028.1705    28.1628       5107          2  0.000e+00
      1.854    21.9532    40.1659    28.1625     6.4706    6.91272    6.92732     93.407     0.3956     0.5830 1.0000e-12    88.6334     0.4826      8.067   285.8306      1.866    21.9528    21.9528      26.83  1028.1705    28.1626       5108          2  0.000e+00
      1.736    21.9526    40.1665    28.1631     6.4701    6.91277    6.92736     93.400     0.3956     0.5891 1.0000e-12    88.6334     0.4826      8.067   285.8306      1.748    21.9523    21.9523      26.83  1028.1706    28.1632       5109          2  0.000e+00
      1.791    21.9528    40.1662    28.1628     6.4656    6.91275    6.92734     93.334     0.3956     0.5830 1.0000e-12    88.6334     0.4826      8.067   285.8306      1.803    21.9525    21.9525      26.83  1028.1706    28.1630       5110          2  0.000e+00
      1.854    21.9526    40.1661    28.1628     6.4652    6.91278    6.92738     93.329     0.3956     0.5830 1.0000e-12    88.6334     0.4826      8.067   285.8306      1.866    21.9522    21.9522      26.83  1028.1709    28.1629       5111          2  0.000e+00
      1.791    21.9525    40.1664    28.1631     6.4648    6.91278    6.92738     93.323     0.3956     0.5891 1.0000e-12    88.6334     0.4826      8.067   285.8306      1.803    21.9521    21.9521      26.83  1028.1709    28.1632       5112          2  0.000e+00
      1.791    21.9539    40.1647    28.1614     6.4646    6.91268    6.92728     93.321     0.3956     0.5830 1.0000e-12    88.6334     0.4826      8.067   285.8306      1.803    21.9535    21.9535      26.83  1028.1692    28.1615       5113          2  0.000e+00
      1.791    21.9543    40.1642    28.1608     6.4642    6.91266    6.92725     93.316     0.3956     0.5891 1.0000e-12    88.6334     0.4826      8.067   285.8306      1.803    21.9539    21.9539      26.83  1028.1686    28.1609       5114          2  0.000e+00
      1.791    21.9534    40.1647    28.1615     6.4684    6.91275    6.92734     93.375     0.3956     0.5891 1.0000e-12    88.6334     0.4826      8.067   285.8306      1.803    21.9530    21.9530      26.83  1028.1693    28.1616       5115          2  0.000e+00
      1.791    21.9527    40.1653    28.1622     6.4596    6.91281    6.92740     93.247     0.3956     0.5830 1.0000e-12    88.6334     0.4826      8.067   285.8306      1.803    21.9523    21.9523      26.83  1028.1699    28.1623       5116          2  0.000e+00
      1.854    21.9526    40.1653    28.1622     6.4640    6.91281    6.92741     93.311     0.3956     0.5830 1.0000e-12    88.6334     0.4826      8.067   285.8306      1.866    21.9522    21.9522      26.83  1028.1702    28.1623       5117          2  0.000e+00
      1.791    21.9519    40.1660    28.1629     6.4640    6.91287    6.92747     93.310     0.3956     0.5830 1.0000e-12    88.6334     0.4826      8.067   285.8306      1.803    21.9516    21.9516      26.83  1028.1707    28.1630       5118          2  0.000e+00
      1.791    21.9521    40.1652    28.1623     6.4641    6.91288    6.92747     93.311     0.3956     0.5830 1.0000e-12    88.6334     0.4826      8.067   285.8306      1.803    21.9517    21.9517      26.83  1028.1701    28.1624       5119          2  0.000e+00
      1.854    21.9517    40.1654    28.1625     6.4643    6.91292    6.92752     93.313     0.3956     0.5830 1.0000e-12    88.6334     0.4826      8.067   285.8306      1.866    21.9513    21.9513      26.83  1028.1706    28.1626       5120          2  0.000e+00
      1.854    21.9512    40.1659    28.1630     6.4686    6.91297    6.92756     93.374     0.3956     0.5830 1.0000e-12    88.6063     0.4839      8.071   285.8306      1.866    21.9508    21.9508      26.83  1028.1711    28.1632       5121          2  0.000e+00
      1.791    21.9507    40.1655    28.1629     6.4731    6.91304    6.92764     93.439     0.3956     0.5891 1.0000e-12    88.6334     0.4826      8.071   285.8306      1.803    21.9503    21.9503      26.83  1028.1707    28.1630       5122          2  0.000e+00
      1.854    21.9501    40.1663    28.1637     6.4694    6.91308    6.92767     93.384     0.3956     0.5891 1.0000e-12    88.6334     0.4826      8.071   285.8306      1.866    21.9497    21.9497      26.83  1028.1718    28.1638       5123          2  0.000e+00
      1.854    21.9497    40.1660    28.1635     6.4742    6.91314    6.92773     93.453     0.3956     0.5952 1.0000e-12    88.6334     0.4826      8.071   285.8306      1.866    21.9494    21.9494      26.83  1028.1716    28.1636       5124          2  0.000e+00
      1.854    21.9496    40.1661    28.1637     6.4702    6.91315    6.92774     93.395     0.3956     0.5891 1.0000e-12    88.6334     0.4826      8.071   285.8306      1.866    21.9492    21.9492      26.83  1028.1718    28.1638       5125          2  0.000e+00
      1.674    21.9492    40.1661    28.1638     6.4704    6.91320    6.92779     93.398     0.4079     0.5830 1.0000e-12    88.6334     0.4826      8.071   285.8306      1.685    21.9488    21.9488      26.83  1028.1711    28.1639       5126          2  0.000e+00
      2.026    21.9488    40.1661    28.1639     6.4712    6.91324    6.92783     93.408     0.4445     0.5830 1.0000e-12    88.6334     0.4826      8.071   285.8306      2.039    21.9484    21.9484      26.83  1028.1727    28.1640       5127          2  0.000e+00
      1.909    21.9483    40.1664    28.1643     6.4671    6.91330    6.92789     93.349     0.4567     0.5830 1.0000e-12    88.6334     0.4826      8.071   285.8306      1.921    21.9479    21.9479      26.83  1028.1726    28.1644       5128          2  0.000e+00
      1.854    21.9481    40.1668    28.1646     6.4629    6.91331    6.92790     93.288     0.4567     0.5769 1.0000e-12    88.6334     0.4826      8.071   285.8306      1.866    21.9477    21.9477      26.83  1028.1727    28.1647       5129          2  0.000e+00
      1.854    21.9478    40.1666    28.1646     6.4671    6.91336    6.92795     93.349     0.4567     0.5769 1.0000e-12    88.6334     0.4826      8.067   285.8306      1.866    21.9474    21.9474      26.83  1028.1727    28.1647       5130          2  0.000e+00
      1.909    21.9476    40.1666    28.1646     6.4672    6.91338    6.92797     93.350     0.4567     0.5769 1.0000e-12    88.6334     0.4826      8.071   285.8306      1.921    21.9472    21.9472      26.83  1028.1729    28.1647       5131          2  0.000e+00
      1.909    21.9470    40.1668    28.1650     6.4676    6.91344    6.92803     93.354     0.4567     0.5830 1.0000e-12    88.6334     0.4826      8.071   285.8306      1.921    21.9466    21.9466      26.83  1028.1732    28.1651       5132          2  0.000e+00
      1.854    21.9468    40.1669    28.1651     6.4677    6.91346    6.92805     93.355     0.4567     0.5830 1.0000e-12    88.6334     0.4826      8.071   285.8306      1.866    21.9465    21.9465      26.83  1028.1731    28.1652       5133          2  0.000e+00
      1.909    21.9467    40.1665    28.1648     6.4678    6.91349    6.92808     93.357     0.4567     0.5769 1.0000e-12    88.6334     0.4826      8.071   285.8306      1.921    21.9463    21.9463      26.83  1028.1731    28.1649       5134          2  0.000e+00
      1.909    21.9468    40.1664    28.1647     6.4679    6.91348    6.92807     93.358     0.4567     0.5830 1.0000e-12    88.6334     0.4826      8.067   285.8306      1.921    21.9465    21.9465      26.83  1028.1730    28.1648       5135          2  0.000e+00
      1.909    21.9468    40.1662    28.1646     6.4683    6.91348    6.92807     93.364     0.4567     0.5769 1.0000e-12    88.6334     0.4826      8.071   285.8306      1.921    21.9465    21.9465      26.83  1028.1728    28.1647       5136          2  0.000e+00
      1.909    21.9467    40.1660    28.1644     6.4685    6.91351    6.92810     93.366     0.4567     0.5769 1.0000e-12    88.6334     0.4826      8.067   285.8306      1.921    21.9463    21.9463      26.83  1028.1727    28.1646       5137          2  0.000e+00
      1.909    21.9468    40.1658    28.1642     6.4687    6.91350    6.92809     93.369     0.4567     0.5769 1.0000e-12    88.6334     0.4826      8.071   285.8306      1.921    21.9465    21.9465      26.83  1028.1725    28.1643       5138          2  0.000e+00
      1.909    21.9470    40.1656    28.1640     6.4733    6.91349    6.92808     93.436     0.4567     0.5830 1.0000e-12    88.6334     0.4826      8.071   285.8306      1.921    21.9466    21.9466      26.83  1028.1723    28.1642       5139          2  0.000e+00
      1.909    21.9472    40.1652    28.1636     6.4737    6.91348    6.92808     93.442     0.4567     0.5830 1.0000e-12    88.6334     0.4826      8.071   285.8306      1.921    21.9468    21.9468      26.83  1028.1719    28.1637       5140          2  0.000e+00
      1.909    21.9468    40.1657    28.1641     6.4742    6.91351    6.92810     93.449     0.4567     0.5830 1.0000e-12    88.6334     0.4826      8.071   285.2246      1.921    21.9465    21.9465      26.83  1028.1724    28.1642       5141          2  0.000e+00
      1.909    21.9461    40.1659    28.1645     6.4745    6.91358    6.92817     93.452     0.4567     0.5830 1.0000e-12    88.5522     0.4863      8.067   285.2246      1.921    21.9458    21.9458      26.83  1028.1728    28.1646       5142          2  0.000e+00
