Data/RVJanan08404.cnv
* Sea-Bird SBE 9 Data File:
* FileName = C:\CruiseData\CTD911\RVJanan084\Hex\RVJanan08404.hex
* Software Version Seasave V 7.26.7.121
* Temperature SN = 5958
* Conductivity SN = 3674
* Number of Bytes Per Scan = 37
* Number of Voltage Words = 4
* Number of Scans Averaged by the Deck Unit = 1
* NMEA Latitude = 25 32.44 N
* NMEA Longitude = 051 45.65 E
* NMEA UTC (Time) = Mar 08 2020  08:38:50
* NMEA baud rate = 4800
** Ship: R/V JANAN
** Cruise: NPRP10Restore04-March2020
** Station: Restore Nursery
** Bottom Depth [m]: 14
** Operator: MD
# nquan = 22
# nvalues = 2146                                  
# units = specified
# name 0 = depSM: Depth [salt water, m]
# name 1 = t090C: Temperature [ITS-90, deg C]
# name 2 = sal00: Salinity, Practical [PSU]
# name 3 = sigma-t00: Density [sigma-t, kg/m^3 ]
# name 4 = sbeox0Mg/L: Oxygen, SBE 43 [mg/l]
# name 5 = oxsatMg/L: Oxygen Saturation, Weiss [mg/l]
# name 6 = oxsolMg/L: Oxygen Saturation, Garcia & Gordon [mg/l]
# name 7 = sbeox0PS: Oxygen, SBE 43 [% saturation]
# name 8 = flECO-AFL: Fluorescence, WET Labs ECO-AFL/FL [mg/m^3]
# name 9 = turbWETntu0: Turbidity, WET Labs ECO [NTU]
# name 10 = par: PAR/Irradiance, Biospherical/Licor
# name 11 = xmiss: Beam Transmission, Chelsea/Seatech [%]
# name 12 = bat: Beam Attenuation, Chelsea/Seatech [1/m]
# name 13 = ph: pH
# name 14 = orp: Oxidation Reduction Potential [mV]
# name 15 = prDM: Pressure, Digiquartz [db]
# name 16 = potemp090C: Potential Temperature [ITS-90, deg C]
# name 17 = pta090C: Potential Temperature Anomaly [ITS-90, deg C], a0 = 0, a1 = 0
# name 18 = ptempC: Pressure Temperature [deg C]
# name 19 = density00: Density [density, kg/m^3]
# name 20 = sigma-é00: Density [sigma-theta, kg/m^3]
# name 21 = flag:  0.000e+00
# span 0 =     -0.171,     12.855                 
# span 1 =    20.3638,    20.7977                 
# span 2 =     3.1162,    40.6962                 
# span 3 =     0.4568,    28.9932                 
# span 4 =     6.8079,     8.5954                 
# span 5 =    7.03596,    8.81195                 
# span 6 =    7.04949,    8.82884                 
# span 7 =     95.055,     97.694                 
# span 8 =    -0.2515,     0.5666                 
# span 9 =    -0.0214,     1.1446                 
# span 10 = 1.0000e-12, 1.0000e-12                
# span 11 =    73.9407,   105.1794                
# span 12 =    -0.2020,     1.2076                
# span 13 =      8.190,      8.214                
# span 14 =   214.9306,   218.5665                
# span 15 =     -0.173,     12.939                
# span 16 =    20.3613,    20.7977                
# span 17 =    20.3613,    20.7977                
# span 18 =      20.65,      20.74                
# span 19 =  1000.4566,  1029.0486                
# span 20 =     0.4568,    28.9938                
# span 21 = 0.0000e+00, 0.0000e+00                
# interval = seconds: 0.0416667
# start_time = Mar 08 2020 08:38:50 [NMEA time, header]
# bad_flag = -9.990e-29
*END*
[from data line 1252]
     12.619    20.3644    40.6680    28.9926     6.8097    7.09138    7.10449     95.850     0.5544     0.9248 1.0000e-12    85.7299     0.6159      8.205   216.7486     12.702    20.3620    20.3620      20.70  1029.0476    28.9933  0.000e+00
     12.682    20.3647    40.6679    28.9925     6.8137    7.09135    7.10446     95.907     0.5544     0.9309 1.0000e-12    85.7571     0.6146      8.205   217.3546     12.765    20.3622    20.3622      20.68  1029.0478    28.9931  0.000e+00
     12.682    20.3645    40.6677    28.9923     6.8089    7.09139    7.10449     95.839     0.5544     0.9248 1.0000e-12    85.7299     0.6159      8.205   216.7486     12.765    20.3620    20.3620      20.68  1029.0476    28.9930  0.000e+00
     12.682    20.3644    40.6678    28.9924     6.8087    7.09139    7.10450     95.837     0.5544     0.9248 1.0000e-12    85.7571     0.6146      8.205   217.3546     12.765    20.3619    20.3619      20.68  1029.0477    28.9931  0.000e+00
     12.682    20.3643    40.6680    28.9926     6.8084    7.09140    7.10450     95.832     0.5544     0.9248 1.0000e-12    85.7299     0.6159      8.200   217.3546     12.765    20.3619    20.3619      20.68  1029.0479    28.9933  0.000e+00
     12.682    20.3643    40.6678    28.9925     6.8081    7.09140    7.10451     95.828     0.5544     0.9187 1.0000e-12    85.7299     0.6159      8.205   216.7486     12.765    20.3619    20.3619      20.68  1029.0478    28.9932  0.000e+00
     12.619    20.3646    40.6680    28.9925     6.8079    7.09136    7.10447     95.825     0.5544     0.9248 1.0000e-12    85.7571     0.6146      8.205   216.7486     12.702    20.3621    20.3621      20.68  1029.0475    28.9932  0.000e+00
     12.690    20.3647    40.6681    28.9926     6.8124    7.09135    7.10445     95.889     0.5544     0.9187 1.0000e-12    85.7571     0.6146      8.205   217.3546     12.773    20.3622    20.3622      20.68  1029.0479    28.9932  0.000e+00
     12.682    20.3646    40.6678    28.9924     6.8124    7.09137    7.10447     95.889     0.5544     0.9248 1.0000e-12    85.7299     0.6159      8.205   217.3546     12.765    20.3621    20.3621      20.68  1029.0477    28.9931  0.000e+00
     12.682    20.3647    40.6677    28.9923     6.8127    7.09136    7.10447     95.894     0.5544     0.9187 1.0000e-12    85.7571     0.6146      8.205   216.7486     12.765    20.3622    20.3622      20.68  1029.0476    28.9929  0.000e+00
     12.682    20.3647    40.6677    28.9923     6.8177    7.09136    7.10447     95.963     0.5544     0.9248 1.0000e-12    85.7571     0.6146      8.205   216.7486     12.765    20.3622    20.3622      20.68  1029.0476    28.9929  0.000e+00
     12.619    20.3646    40.6680    28.9926     6.8184    7.09136    7.10446     95.973     0.5544     0.9126 1.0000e-12    85.7299     0.6159      8.200   217.3546     12.702    20.3621    20.3621      20.70  1029.0476    28.9932  0.000e+00
     12.737    20.3647    40.6678    28.9924     6.8190    7.09136    7.10446     95.982     0.5544     0.9065 1.0000e-12    85.7571     0.6146      8.200   217.3546     12.820    20.3622    20.3622      20.68  1029.0479    28.9931  0.000e+00
     12.619    20.3648    40.6675    28.9921     6.8197    7.09135    7.10445     95.992     0.5544     0.9004 1.0000e-12    85.7299     0.6159      8.200   217.3546     12.702    20.3624    20.3624      20.70  1029.0471    28.9928  0.000e+00
     12.682    20.3648    40.6679    28.9924     6.8253    7.09135    7.10445     96.070     0.5544     0.9065 1.0000e-12    85.7571     0.6146      8.205   217.3546     12.765    20.3623    20.3623      20.68  1029.0477    28.9931  0.000e+00
     12.682    20.3647    40.6677    28.9923     6.8265    7.09136    7.10446     96.088     0.5544     0.9004 1.0000e-12    85.7299     0.6159      8.205   217.3546     12.765    20.3622    20.3622      20.68  1029.0476    28.9930  0.000e+00
     12.690    20.3648    40.6672    28.9918     6.8324    7.09136    7.10446     96.170     0.5544     0.9065 1.0000e-12    85.7571     0.6146      8.205   217.3546     12.773    20.3624    20.3624      20.68  1029.0472    28.9925  0.000e+00
     12.619    20.3646    40.6680    28.9925     6.8293    7.09136    7.10447     96.127     0.5544     0.9004 1.0000e-12    85.8114     0.6121      8.205   217.3546     12.702    20.3621    20.3621      20.70  1029.0475    28.9932  0.000e+00
     12.682    20.3647    40.6679    28.9924     6.8353    7.09136    7.10446     96.212     0.5544     0.9126 1.0000e-12    85.8114     0.6121      8.205   217.3546     12.765    20.3622    20.3622      20.68  1029.0477    28.9931  0.000e+00
     12.682    20.3645    40.6679    28.9924     6.8368    7.09138    7.10448     96.232     0.5544     0.9065 1.0000e-12    85.8386     0.6108      8.200   217.3546     12.765    20.3620    20.3620      20.68  1029.0477    28.9931  0.000e+00
     12.619    20.3646    40.6672    28.9919     6.8382    7.09140    7.10450     96.252     0.5544     0.9065 1.0000e-12    85.8386     0.6108      8.205   217.3546     12.702    20.3621    20.3621      20.68  1029.0470    28.9926  0.000e+00
     12.682    20.3645    40.6671    28.9919     6.8395    7.09141    7.10451     96.269     0.5544     0.9126 1.0000e-12    85.8114     0.6121      8.205   217.3546     12.765    20.3620    20.3620      20.68  1029.0471    28.9925  0.000e+00
     12.682    20.3645    40.6677    28.9923     6.8407    7.09139    7.10449     96.287     0.5544     0.9126 1.0000e-12    85.8114     0.6121      8.205   217.3546     12.765    20.3620    20.3620      20.68  1029.0476    28.9930  0.000e+00
     12.619    20.3646    40.6678    28.9924     6.8419    7.09137    7.10447     96.304     0.5544     0.9004 1.0000e-12    85.8114     0.6121      8.205   217.3546     12.702    20.3621    20.3621      20.68  1029.0474    28.9931  0.000e+00
     12.690    20.3645    40.6678    28.9924     6.8429    7.09138    7.10448     96.319     0.5544     0.9065 1.0000e-12    85.8114     0.6121      8.205   217.3546     12.773    20.3620    20.3620      20.68  1029.0478    28.9931  0.000e+00
     12.619    20.3643    40.6682    28.9927     6.8439    7.09139    7.10449     96.332     0.5544     0.9065 1.0000e-12    85.8114     0.6121      8.205   216.7486     12.702    20.3619    20.3619      20.68  1029.0478    28.9934  0.000e+00
     12.682    20.3644    40.6677    28.9923     6.8450    7.09140    7.10450     96.347     0.5544     0.9004 1.0000e-12    85.8114     0.6121      8.205   216.7486     12.765    20.3619    20.3619      20.68  1029.0476    28.9930  0.000e+00
     12.682    20.3645    40.6677    28.9924     6.8457    7.09139    7.10449     96.358     0.5544     0.9065 1.0000e-12    85.8386     0.6108      8.200   217.3546     12.765    20.3620    20.3620      20.68  1029.0476    28.9930  0.000e+00
     12.619    20.3642    40.6678    28.9925     6.8465    7.09142    7.10452     96.368     0.5544     0.9065 1.0000e-12    85.8386     0.6108      8.205   217.3546     12.702    20.3618    20.3618      20.68  1029.0475    28.9932  0.000e+00
     12.682    20.3645    40.6675    28.9922     6.8518    7.09140    7.10450     96.444     0.5544     0.9065 1.0000e-12    85.8114     0.6121      8.200   217.3546     12.765    20.3620    20.3620      20.68  1029.0474    28.9928  0.000e+00
     12.619    20.3647    40.6676    28.9922     6.8482    7.09137    7.10447     96.393     0.5544     0.9004 1.0000e-12    85.8114     0.6121      8.205   217.3546     12.702    20.3622    20.3622      20.68  1029.0472    28.9929  0.000e+00
     12.682    20.3642    40.6678    28.9925     6.8491    7.09142    7.10452     96.404     0.5544     0.9065 1.0000e-12    85.8386     0.6108      8.205   217.3546     12.765    20.3618    20.3618      20.68  1029.0478    28.9932  0.000e+00
     12.619    20.3645    40.6679    28.9925     6.8543    7.09138    7.10448     96.478     0.5544     0.9065 1.0000e-12    85.8114     0.6121      8.205   217.3546     12.702    20.3620    20.3620      20.70  1029.0475    28.9931  0.000e+00
     12.690    20.3645    40.6676    28.9923     6.8554    7.09139    7.10449     96.493     0.5544     0.9065 1.0000e-12    85.8386     0.6108      8.205   217.3546     12.773    20.3620    20.3620      20.68  1029.0476    28.9929  0.000e+00
     12.619    20.3644    40.6678    28.9925     6.8563    7.09139    7.10449     96.506     0.5544     0.9004 1.0000e-12    85.8386     0.6108      8.205   217.3546     12.702    20.3620    20.3620      20.68  1029.0475    28.9931  0.000e+00
     12.619    20.3643    40.6680    28.9926     6.8618    7.09139    7.10450     96.585     0.5544     0.9065 1.0000e-12    85.8114     0.6121      8.200   217.3546     12.702    20.3619    20.3619      20.68  1029.0477    28.9933  0.000e+00
     12.682    20.3643    40.6677    28.9924     6.8629    7.09141    7.10451     96.599     0.5544     0.9065 1.0000e-12    85.7571     0.6146      8.200   217.3546     12.765    20.3619    20.3619      20.68  1029.0477    28.9931  0.000e+00
     12.682    20.3644    40.6678    28.9924     6.8640    7.09139    7.10450     96.615     0.5544     0.9065 1.0000e-12    85.6213     0.6209      8.200   217.3546     12.765    20.3619    20.3619      20.68  1029.0477    28.9931  0.000e+00
     12.619    20.3645    40.6680    28.9926     6.8603    7.09137    7.10448     96.563     0.5544     0.9615 1.0000e-12    85.5941     0.6222      8.200   217.3546     12.702    20.3620    20.3620      20.68  1029.0476    28.9932  0.000e+00
     12.682    20.3647    40.6677    28.9923     6.8658    7.09136    7.10447     96.640     0.5544     1.0592 1.0000e-12    85.5941     0.6222      8.205   217.3546     12.765    20.3622    20.3622      20.68  1029.0476    28.9929  0.000e+00
     12.620    20.3646    40.6678    28.9924     6.8620    7.09137    7.10447     96.587     0.5544     1.0836 1.0000e-12    85.5941     0.6222      8.205   217.3546     12.702    20.3621    20.3621      20.68  1029.0474    28.9931  0.000e+00
     12.627    20.3647    40.6674    28.9920     6.8669    7.09138    7.10448     96.656     0.5544     1.0775 1.0000e-12    85.5941     0.6222      8.205   216.7486     12.710    20.3622    20.3622      20.68  1029.0471    28.9927  0.000e+00
     12.620    20.3647    40.6673    28.9920     6.8677    7.09138    7.10448     96.667     0.5544     1.0836 1.0000e-12    85.5941     0.6222      8.205   217.3546     12.702    20.3622    20.3622      20.69  1029.0470    28.9927  0.000e+00
     12.682    20.3644    40.6678    28.9924     6.8682    7.09139    7.10450     96.674     0.5544     1.0775 1.0000e-12    85.5941     0.6222      8.205   217.3546     12.765    20.3619    20.3619      20.68  1029.0477    28.9931  0.000e+00
     12.620    20.3647    40.6677    28.9923     6.8686    7.09136    7.10447     96.680     0.5544     1.0775 1.0000e-12    85.5941     0.6222      8.205   217.3546     12.702    20.3622    20.3622      20.70  1029.0473    28.9930  0.000e+00
     12.682    20.3646    40.6681    28.9927     6.8687    7.09136    7.10446     96.682     0.5544     1.0775 1.0000e-12    85.5941     0.6222      8.200   216.7486     12.765    20.3621    20.3621      20.68  1029.0479    28.9933  0.000e+00
     12.620    20.3647    40.6675    28.9921     6.8733    7.09137    7.10447     96.747     0.5544     1.0775 1.0000e-12    85.5941     0.6222      8.205   217.3546     12.702    20.3622    20.3622      20.70  1029.0472    28.9928  0.000e+00
     12.620    20.3645    40.6681    28.9926     6.8690    7.09137    7.10447     96.686     0.5544     1.0775 1.0000e-12    85.5941     0.6222      8.205   217.3546     12.702    20.3620    20.3620      20.68  1029.0476    28.9933  0.000e+00
     12.682    20.3644    40.6677    28.9924     6.8688    7.09140    7.10450     96.682     0.5544     1.0775 1.0000e-12    85.5941     0.6222      8.205   217.3546     12.765    20.3619    20.3619      20.70  1029.0477    28.9931  0.000e+00
     12.620    20.3647    40.6676    28.9922     6.8683    7.09137    7.10447     96.676     0.5544     1.0775 1.0000e-12    85.5941     0.6222      8.205   217.3546     12.702    20.3622    20.3622      20.68  1029.0472    28.9929  0.000e+00
     12.627    20.3647    40.6680    28.9925     6.8727    7.09135    7.10445     96.738     0.5544     1.0836 1.0000e-12    85.5941     0.6222      8.205   217.3546     12.710    20.3622    20.3622      20.68  1029.0475    28.9932  0.000e+00
     12.682    20.3648    40.6678    28.9923     6.8679    7.09135    7.10445     96.670     0.5544     1.0714 1.0000e-12    85.5941     0.6222      8.200   217.3546     12.765    20.3623    20.3623      20.68  1029.0476    28.9930  0.000e+00
     12.620    20.3648    40.6681    28.9925     6.8672    7.09132    7.10443     96.661     0.5544     1.0775 1.0000e-12    85.5941     0.6222      8.200   217.3546     12.702    20.3624    20.3624      20.68  1029.0476    28.9932  0.000e+00
     12.620    20.3647    40.6679    28.9924     6.8712    7.09136    7.10446     96.716     0.5544     1.0775 1.0000e-12    85.5941     0.6222      8.200   217.3546     12.702    20.3622    20.3622      20.68  1029.0475    28.9931  0.000e+00
     12.682    20.3648    40.6670    28.9917     6.8708    7.09138    7.10448     96.710     0.5544     1.0714 1.0000e-12    85.5941     0.6222      8.205   217.3546     12.765    20.3623    20.3623      20.68  1029.0470    28.9924  0.000e+00
     12.620    20.3648    40.6662    28.9911     6.8748    7.09140    7.10451     96.766     0.5544     1.0775 1.0000e-12    85.5941     0.6222      8.205   217.3546     12.702    20.3624    20.3624      20.68  1029.0461    28.9918  0.000e+00
     12.620    20.3648    40.6671    28.9918     6.8746    7.09136    7.10447     96.765     0.5544     1.0775 1.0000e-12    85.5941     0.6222      8.205   217.3546     12.702    20.3624    20.3624      20.68  1029.0468    28.9925  0.000e+00
     12.682    20.3646    40.6678    28.9924     6.8700    7.09137    7.10447     96.699     0.5544     1.0775 1.0000e-12    85.5126     0.6260      8.205   217.3546     12.765    20.3621    20.3621      20.68  1029.0476    28.9930  0.000e+00
     12.627    20.3647    40.6681    28.9926     6.8694    7.09135    7.10445     96.691     0.5544     1.0714 1.0000e-12    85.4855     0.6273      8.205   217.3546     12.710    20.3622    20.3622      20.70  1029.0476    28.9933  0.000e+00
     12.682    20.3643    40.6682    28.9927     6.8737    7.09139    7.10449     96.752     0.5544     1.0775 1.0000e-12    85.4855     0.6273      8.200   217.3546     12.765    20.3619    20.3619      20.68  1029.0480    28.9934  0.000e+00
     12.620    20.3644    40.6680    28.9926     6.8736    7.09139    7.10449     96.750     0.5544     1.0775 1.0000e-12    85.4855     0.6273      8.205   217.3546     12.702    20.3620    20.3620      20.68  1029.0476    28.9932  0.000e+00
     12.682    20.3647    40.6674    28.9920     6.8780    7.09138    7.10448     96.813     0.5544     1.0775 1.0000e-12    85.5126     0.6260      8.205   217.3546     12.765    20.3622    20.3622      20.68  1029.0473    28.9927  0.000e+00
     12.565    20.3644    40.6679    28.9925     6.8780    7.09139    7.10449     96.812     0.5544     1.0775 1.0000e-12    85.5126     0.6260      8.205   217.3546     12.647    20.3620    20.3620      20.68  1029.0473    28.9931  0.000e+00
     12.682    20.3647    40.6677    28.9923     6.8783    7.09136    7.10447     96.816     0.5544     1.0775 1.0000e-12    85.4855     0.6273      8.205   217.3546     12.765    20.3622    20.3622      20.68  1029.0476    28.9929  0.000e+00
