Data/RVJanan08403.cnv
* Sea-Bird SBE 9 Data File:
* FileName = C:\CruiseData\CTD911\RVJanan084\Hex\RVJanan08403.hex
* Software Version Seasave V 7.26.7.121
* Temperature SN = 5958
* Conductivity SN = 3674
* Number of Bytes Per Scan = 37
* Number of Voltage Words = 4
* Number of Scans Averaged by the Deck Unit = 1
* NMEA Latitude = 25 31.33 N
* NMEA Longitude = 052 31.18 E
* NMEA UTC (Time) = Mar 07 2020  12:20:19
* NMEA baud rate = 4800
** Ship: R/V JANAN
** Cruise: NPRP10Restore04-March2020
** Station: Maydan Mahzen reef
** Bottom Depth [m]: 27
** Operator: MD
# nquan = 22
# nvalues = 4242                                  
# units = specified
# name 0 = depSM: Depth [salt water, m]
# name 1 = t090C: Temperature [ITS-90, deg C]
# name 2 = sal00: Salinity, Practical [PSU]
# name 3 = sigma-t00: Density [sigma-t, kg/m^3 ]
# name 4 = sbeox0Mg/L: Oxygen, SBE 43 [mg/l]
# name 5 = oxsatMg/L: Oxygen Saturation, Weiss [mg/l]
# name 6 = oxsolMg/L: Oxygen Saturation, Garcia & Gordon [mg/l]
# name 7 = sbeox0PS: Oxygen, SBE 43 [% saturation]
# name 8 = flECO-AFL: Fluorescence, WET Labs ECO-AFL/FL [mg/m^3]
# name 9 = turbWETntu0: Turbidity, WET Labs ECO [NTU]
# name 10 = par: PAR/Irradiance, Biospherical/Licor
# name 11 = xmiss: Beam Transmission, Chelsea/Seatech [%]
# name 12 = bat: Beam Attenuation, Chelsea/Seatech [1/m]
# name 13 = ph: pH
# name 14 = orp: Oxidation Reduction Potential [mV]
# name 15 = prDM: Pressure, Digiquartz [db]
# name 16 = potemp090C: Potential Temperature [ITS-90, deg C]
# name 17 = pta090C: Potential Temperature Anomaly [ITS-90, deg C], a0 = 0, a1 = 0
# name 18 = ptempC: Pressure Temperature [deg C]
# name 19 = density00: Density [density, kg/m^3]
# name 20 = sigma-é00: Density [sigma-theta, kg/m^3]
# name 21 = flag:  0.000e+00
# span 0 =     -0.258,     25.755                 
# span 1 =    20.5885,    22.4768                 
# span 2 =     3.4310,    40.2652                 
# span 3 =     0.3316,    28.6228                 
# span 4 =     6.6315,     8.4789                 
# span 5 =    6.84934,    8.52523                 
# span 6 =    6.86429,    8.54330                 
# span 7 =     93.565,    100.309                 
# span 8 =     0.1759,     1.0428                 
# span 9 =    -0.0520,     0.7112                 
# span 10 = 1.0000e-12, 1.0000e-12                
# span 11 =    66.9867,    94.9657                
# span 12 =     0.2066,     1.6027                
# span 13 =      8.189,      8.229                
# span 14 =   254.9255,   262.1973                
# span 15 =     -0.260,     25.925                
# span 16 =    20.5835,    22.4767                
# span 17 =    20.5835,    22.4767                
# span 18 =      24.13,      24.37                
# span 19 =  1000.3307,  1028.7341                
# span 20 =     0.3316,    28.6242                
# span 21 = 0.0000e+00, 0.0000e+00                
# interval = seconds: 0.0416667
# start_time = Mar 07 2020 12:20:19 [NMEA time, header]
# bad_flag = -9.990e-29
*END*
[from data line 1778]
     24.649    20.5931    40.2640    28.6206     6.6743    7.07888    7.09230     94.107     0.8230     0.3998 1.0000e-12    94.1508     0.2411      8.199   257.3494     24.811    20.5883    20.5883      24.23  1028.7281    28.6220  0.000e+00
     24.704    20.5931    40.2635    28.6202     6.6791    7.07891    7.09233     94.174     0.8230     0.4059 1.0000e-12    94.1780     0.2399      8.199   257.3494     24.867    20.5883    20.5883      24.22  1028.7279    28.6216  0.000e+00
     24.704    20.5930    40.2638    28.6205     6.6747    7.07891    7.09233     94.112     0.8230     0.3998 1.0000e-12    94.1780     0.2399      8.199   257.3494     24.867    20.5882    20.5882      24.22  1028.7282    28.6218  0.000e+00
     24.650    20.5929    40.2636    28.6204     6.6749    7.07893    7.09234     94.114     0.8230     0.3998 1.0000e-12    94.1780     0.2399      8.199   257.3494     24.812    20.5881    20.5881      24.22  1028.7278    28.6217  0.000e+00
     24.704    20.5926    40.2642    28.6209     6.6749    7.07895    7.09236     94.114     0.8230     0.3998 1.0000e-12    94.1780     0.2399      8.199   257.3494     24.867    20.5878    20.5878      24.23  1028.7286    28.6222  0.000e+00
     24.650    20.5927    40.2638    28.6206     6.6796    7.07894    7.09236     94.181     0.8230     0.4059 1.0000e-12    94.1780     0.2399      8.199   257.9554     24.812    20.5879    20.5879      24.22  1028.7280    28.6219  0.000e+00
     24.704    20.5930    40.2634    28.6202     6.6801    7.07893    7.09235     94.188     0.8230     0.4059 1.0000e-12    94.1780     0.2399      8.199   257.3494     24.867    20.5882    20.5882      24.23  1028.7279    28.6216  0.000e+00
     24.689    20.5929    40.2635    28.6203     6.6806    7.07893    7.09235     94.195     0.8230     0.3998 1.0000e-12    94.1780     0.2399      8.199   257.3494     24.851    20.5881    20.5881      24.22  1028.7279    28.6217  0.000e+00
     24.704    20.5930    40.2643    28.6209     6.6808    7.07889    7.09231     94.198     0.8230     0.3998 1.0000e-12    94.1508     0.2411      8.199   257.3494     24.867    20.5882    20.5882      24.22  1028.7286    28.6222  0.000e+00
     24.704    20.5931    40.2639    28.6206     6.6811    7.07889    7.09231     94.202     0.8108     0.3815 1.0000e-12    94.1508     0.2411      8.199   257.3494     24.867    20.5883    20.5883      24.23  1028.7283    28.6219  0.000e+00
     24.704    20.5935    40.2636    28.6202     6.6813    7.07885    7.09227     94.205     0.8108     0.3754 1.0000e-12    94.1508     0.2411      8.199   257.3494     24.867    20.5887    20.5887      24.22  1028.7279    28.6216  0.000e+00
     24.650    20.5940    40.2635    28.6200     6.6860    7.07880    7.09221     94.272     0.8108     0.3815 1.0000e-12    94.1508     0.2411      8.199   257.3494     24.812    20.5892    20.5892      24.22  1028.7274    28.6213  0.000e+00
     24.704    20.5939    40.2634    28.6200     6.6820    7.07881    7.09223     94.215     0.8108     0.3815 1.0000e-12    94.1780     0.2399      8.199   257.3494     24.867    20.5890    20.5890      24.22  1028.7277    28.6213  0.000e+00
     24.705    20.5938    40.2634    28.6200     6.6822    7.07882    7.09224     94.218     0.8108     0.3754 1.0000e-12    94.1780     0.2399      8.199   257.3494     24.867    20.5890    20.5890      24.22  1028.7276    28.6213  0.000e+00
     24.650    20.5935    40.2634    28.6200     6.6779    7.07886    7.09228     94.157     0.8108     0.3754 1.0000e-12    94.1780     0.2399      8.199   257.3494     24.812    20.5887    20.5887      24.22  1028.7275    28.6214  0.000e+00
     24.705    20.5935    40.2636    28.6203     6.6824    7.07886    7.09227     94.221     0.8108     0.3754 1.0000e-12    94.1508     0.2411      8.199   257.9554     24.867    20.5886    20.5886      24.22  1028.7279    28.6216  0.000e+00
     24.705    20.5935    40.2633    28.6200     6.6870    7.07886    7.09228     94.285     0.8108     0.3815 1.0000e-12    94.1780     0.2399      8.199   257.3494     24.867    20.5887    20.5887      24.22  1028.7277    28.6214  0.000e+00
     24.767    20.5936    40.2634    28.6201     6.6827    7.07884    7.09226     94.225     0.8108     0.3754 1.0000e-12    94.1780     0.2399      8.199   257.3494     24.930    20.5888    20.5888      24.22  1028.7280    28.6214  0.000e+00
     24.689    20.5939    40.2633    28.6199     6.6828    7.07882    7.09224     94.227     0.8108     0.3754 1.0000e-12    94.1508     0.2411      8.199   257.3494     24.851    20.5890    20.5890      24.22  1028.7275    28.6213  0.000e+00
     24.650    20.5938    40.2634    28.6200     6.6878    7.07882    7.09224     94.297     0.8108     0.3693 1.0000e-12    94.1508     0.2411      8.199   257.3494     24.812    20.5890    20.5890      24.22  1028.7274    28.6213  0.000e+00
     24.705    20.5939    40.2636    28.6202     6.6883    7.07881    7.09222     94.304     0.8108     0.3754 1.0000e-12    94.2051     0.2388      8.199   257.3494     24.867    20.5890    20.5890      24.22  1028.7278    28.6215  0.000e+00
     24.767    20.5940    40.2632    28.6198     6.6842    7.07881    7.09222     94.247     0.8108     0.3754 1.0000e-12    94.2323     0.2376      8.199   257.3494     24.930    20.5892    20.5892      24.22  1028.7278    28.6211  0.000e+00
     24.705    20.5939    40.2636    28.6202     6.6841    7.07881    7.09222     94.245     0.8108     0.3754 1.0000e-12    94.2323     0.2376      8.199   257.9554     24.867    20.5890    20.5890      24.22  1028.7278    28.6215  0.000e+00
     24.705    20.5938    40.2637    28.6203     6.6888    7.07881    7.09222     94.312     0.7986     0.3754 1.0000e-12    94.2595     0.2365      8.199   257.3494     24.867    20.5890    20.5890      24.22  1028.7279    28.6216  0.000e+00
     24.705    20.5940    40.2638    28.6202     6.6892    7.07878    7.09219     94.318     0.8108     0.3693 1.0000e-12    94.2323     0.2376      8.199   257.3494     24.867    20.5892    20.5892      24.22  1028.7279    28.6216  0.000e+00
     24.705    20.5946    40.2631    28.6196     6.6896    7.07874    7.09215     94.324     0.8108     0.3754 1.0000e-12    94.2323     0.2376      8.199   257.3494     24.867    20.5897    20.5897      24.22  1028.7273    28.6209  0.000e+00
     24.767    20.5953    40.2629    28.6192     6.6897    7.07866    7.09207     94.327     0.8108     0.3754 1.0000e-12    94.2323     0.2376      8.199   257.3494     24.930    20.5904    20.5904      24.22  1028.7272    28.6205  0.000e+00
     24.705    20.5951    40.2630    28.6194     6.6855    7.07867    7.09209     94.267     0.8108     0.3693 1.0000e-12    94.2595     0.2365      8.199   257.3494     24.867    20.5903    20.5903      24.23  1028.7270    28.6207  0.000e+00
     24.705    20.5951    40.2631    28.6195     6.6902    7.07867    7.09209     94.333     0.8108     0.3754 1.0000e-12    94.2323     0.2376      8.199   257.3494     24.867    20.5903    20.5903      24.23  1028.7271    28.6208  0.000e+00
     24.752    20.5949    40.2631    28.6195     6.6906    7.07869    7.09211     94.339     0.8108     0.3693 1.0000e-12    94.2323     0.2376      8.199   257.3494     24.914    20.5901    20.5901      24.23  1028.7274    28.6208  0.000e+00
     24.705    20.5947    40.2630    28.6194     6.6910    7.07872    7.09214     94.344     0.8108     0.3754 1.0000e-12    94.2323     0.2376      8.199   257.3494     24.867    20.5899    20.5899      24.22  1028.7271    28.6207  0.000e+00
     24.768    20.5942    40.2633    28.6198     6.6915    7.07877    7.09219     94.350     0.8108     0.3754 1.0000e-12    94.2323     0.2376      8.199   257.3494     24.930    20.5894    20.5894      24.22  1028.7278    28.6212  0.000e+00
     24.768    20.5942    40.2631    28.6196     6.6916    7.07878    7.09220     94.351     0.8108     0.3693 1.0000e-12    94.2323     0.2376      8.199   257.3494     24.930    20.5894    20.5894      24.22  1028.7276    28.6210  0.000e+00
     24.705    20.5942    40.2630    28.6196     6.6961    7.07879    7.09221     94.415     0.8108     0.3815 1.0000e-12    94.2323     0.2376      8.199   257.3494     24.867    20.5894    20.5894      24.23  1028.7272    28.6209  0.000e+00
     24.768    20.5940    40.2631    28.6197     6.6919    7.07880    7.09222     94.356     0.8108     0.3754 1.0000e-12    94.2595     0.2365      8.199   257.3494     24.930    20.5892    20.5892      24.22  1028.7277    28.6211  0.000e+00
     24.705    20.5936    40.2635    28.6201     6.6919    7.07884    7.09226     94.355     0.8108     0.3754 1.0000e-12    94.2323     0.2376      8.199   257.3494     24.867    20.5888    20.5888      24.22  1028.7278    28.6215  0.000e+00
     24.768    20.5935    40.2636    28.6203     6.6965    7.07885    7.09227     94.420     0.7986     0.3754 1.0000e-12    94.2595     0.2365      8.199   257.3494     24.930    20.5887    20.5887      24.22  1028.7282    28.6216  0.000e+00
     24.768    20.5929    40.2642    28.6208     6.6970    7.07890    7.09232     94.426     0.7986     0.3632 1.0000e-12    94.2595     0.2365      8.199   257.3494     24.930    20.5881    20.5881      24.22  1028.7288    28.6222  0.000e+00
     24.768    20.5927    40.2640    28.6208     6.6972    7.07893    7.09235     94.429     0.7986     0.3693 1.0000e-12    94.2323     0.2376      8.199   257.3494     24.930    20.5879    20.5879      24.22  1028.7287    28.6221  0.000e+00
     24.768    20.5927    40.2636    28.6205     6.7020    7.07895    7.09236     94.496     0.7986     0.3754 1.0000e-12    94.2323     0.2376      8.199   257.3494     24.930    20.5879    20.5879      24.23  1028.7284    28.6218  0.000e+00
     24.752    20.5930    40.2638    28.6205     6.6977    7.07891    7.09233     94.436     0.7986     0.3754 1.0000e-12    94.2323     0.2376      8.199   257.3494     24.915    20.5881    20.5881      24.22  1028.7284    28.6218  0.000e+00
     24.768    20.5933    40.2637    28.6204     6.6978    7.07887    7.09229     94.437     0.7986     0.3693 1.0000e-12    94.2323     0.2376      8.199   257.3494     24.931    20.5885    20.5885      24.22  1028.7283    28.6217  0.000e+00
     24.768    20.5935    40.2637    28.6203     6.7026    7.07886    7.09227     94.506     0.7986     0.3754 1.0000e-12    94.2323     0.2376      8.199   257.3494     24.931    20.5886    20.5886      24.22  1028.7283    28.6216  0.000e+00
     24.768    20.5939    40.2636    28.6201     6.7029    7.07881    7.09222     94.510     0.7986     0.3693 1.0000e-12    94.2323     0.2376      8.199   257.3494     24.931    20.5890    20.5890      24.22  1028.7281    28.6215  0.000e+00
     24.768    20.5942    40.2633    28.6198     6.7030    7.07877    7.09219     94.513     0.7986     0.3693 1.0000e-12    94.2323     0.2376      8.199   257.3494     24.931    20.5894    20.5894      24.22  1028.7278    28.6212  0.000e+00
     24.768    20.5942    40.2633    28.6198     6.7032    7.07877    7.09219     94.516     0.7986     0.3693 1.0000e-12    94.2323     0.2376      8.199   257.3494     24.931    20.5894    20.5894      24.22  1028.7278    28.6212  0.000e+00
     24.823    20.5940    40.2632    28.6198     6.7034    7.07881    7.09222     94.518     0.7986     0.3693 1.0000e-12    94.2323     0.2376      8.199   257.3494     24.986    20.5891    20.5891      24.23  1028.7280    28.6211  0.000e+00
     24.768    20.5942    40.2632    28.6197     6.7080    7.07878    7.09220     94.583     0.7986     0.3754 1.0000e-12    94.2323     0.2376      8.199   257.3494     24.931    20.5894    20.5894      24.22  1028.7277    28.6211  0.000e+00
     24.823    20.5944    40.2629    28.6194     6.7038    7.07877    7.09219     94.524     0.7986     0.3754 1.0000e-12    94.2323     0.2376      8.199   257.3494     24.986    20.5895    20.5895      24.22  1028.7276    28.6208  0.000e+00
     24.768    20.5940    40.2628    28.6195     6.7038    7.07882    7.09223     94.523     0.7986     0.3693 1.0000e-12    94.2323     0.2376      8.199   257.9554     24.931    20.5892    20.5892      24.22  1028.7274    28.6208  0.000e+00
     24.823    20.5938    40.2627    28.6195     6.7041    7.07885    7.09227     94.527     0.7986     0.3693 1.0000e-12    94.2323     0.2376      8.199   257.3494     24.986    20.5890    20.5890      24.23  1028.7277    28.6208  0.000e+00
     24.807    20.5935    40.2632    28.6199     6.7041    7.07887    7.09229     94.526     0.7986     0.3693 1.0000e-12    94.2323     0.2376      8.199   257.3494     24.970    20.5887    20.5887      24.23  1028.7280    28.6212  0.000e+00
     24.823    20.5933    40.2634    28.6202     6.7040    7.07889    7.09230     94.524     0.7986     0.3754 1.0000e-12    94.2323     0.2376      8.199   257.3494     24.986    20.5884    20.5884      24.22  1028.7284    28.6215  0.000e+00
     24.823    20.5930    40.2632    28.6201     6.7038    7.07894    7.09235     94.522     0.7986     0.3754 1.0000e-12    94.2323     0.2376      8.199   257.3494     24.986    20.5881    20.5881      24.22  1028.7283    28.6214  0.000e+00
     24.823    20.5929    40.2630    28.6199     6.7039    7.07895    7.09237     94.523     0.7986     0.3693 1.0000e-12    94.2323     0.2376      8.199   257.3494     24.986    20.5881    20.5881      24.23  1028.7281    28.6213  0.000e+00
     24.823    20.5926    40.2632    28.6202     6.6994    7.07899    7.09241     94.459     0.7986     0.3693 1.0000e-12    94.2323     0.2376      8.199   257.3494     24.986    20.5877    20.5877      24.22  1028.7283    28.6215  0.000e+00
     24.823    20.5924    40.2631    28.6202     6.6992    7.07901    7.09243     94.456     0.7986     0.3693 1.0000e-12    94.2323     0.2376      8.199   257.3494     24.986    20.5876    20.5876      24.22  1028.7284    28.6215  0.000e+00
     24.885    20.5920    40.2637    28.6207     6.6990    7.07904    7.09245     94.453     0.7986     0.3754 1.0000e-12    94.2323     0.2376      8.199   257.3494     25.049    20.5872    20.5872      24.22  1028.7292    28.6221  0.000e+00
     24.823    20.5922    40.2635    28.6205     6.6941    7.07902    7.09244     94.384     0.7986     0.3693 1.0000e-12    94.2323     0.2376      8.199   257.3494     24.986    20.5874    20.5874      24.22  1028.7287    28.6218  0.000e+00
     24.885    20.5920    40.2632    28.6203     6.6982    7.07906    7.09247     94.441     0.7986     0.3693 1.0000e-12    94.2323     0.2376      8.199   257.3494     25.049    20.5872    20.5872      24.23  1028.7288    28.6217  0.000e+00
     24.823    20.5920    40.2635    28.6205     6.6981    7.07905    7.09246     94.439     0.7986     0.3754 1.0000e-12    94.2323     0.2376      8.199   257.3494     24.986    20.5872    20.5872      24.22  1028.7287    28.6219  0.000e+00
     24.862    20.5919    40.2634    28.6205     6.6932    7.07907    7.09249     94.371     0.7986     0.3632 1.0000e-12    94.2595     0.2365      8.199   257.3494     25.025    20.5870    20.5870      24.23  1028.7289    28.6218  0.000e+00
     24.886    20.5920    40.2636    28.6207     6.6926    7.07904    7.09245     94.362     0.7986     0.3693 1.0000e-12    94.2866     0.2353      8.199   257.3494     25.049    20.5872    20.5872      24.23  1028.7291    28.6220  0.000e+00
     24.823    20.5920    40.2637    28.6207     6.6917    7.07904    7.09245     94.349     0.7864     0.3876 1.0000e-12    94.2866     0.2353      8.199   257.3494     24.986    20.5872    20.5872      24.23  1028.7289    28.6220  0.000e+00
     24.886    20.5922    40.2636    28.6206     6.6911    7.07902    7.09243     94.341     0.7864     0.3998 1.0000e-12    94.2866     0.2353      8.199   257.3494     25.049    20.5874    20.5874      24.22  1028.7291    28.6219  0.000e+00
