Data/RVJanan08102.cnv
* Sea-Bird SBE 9 Data File:
* FileName = C:\CruiseData\CTD911\RVJanan081\Hex\RVJanan08102.hex
* Software Version Seasave V 7.26.7.121
* Temperature SN = 5958
* Conductivity SN = 3674
* Number of Bytes Per Scan = 37
* Number of Voltage Words = 4
* Number of Scans Averaged by the Deck Unit = 1
* NMEA Latitude = 26 30.50 N
* NMEA Longitude = 051 17.22 E
* NMEA UTC (Time) = Jan 18 2020  05:54:29
* NMEA baud rate = 4800
** Ship: R/V JANAN
** Cruise: NPRP10Restore03-Jan20
** Station: Umm Al-Arshan
** Bottom Depth [m]: 20
** Operator: MD
# nquan = 22
# nvalues = 3210                                  
# units = specified
# name 0 = depSM: Depth [salt water, m]
# name 1 = t090C: Temperature [ITS-90, deg C]
# name 2 = sal00: Salinity, Practical [PSU]
# name 3 = sigma-t00: Density [sigma-t, kg/m^3 ]
# name 4 = sbeox0Mg/L: Oxygen, SBE 43 [mg/l]
# name 5 = oxsatMg/L: Oxygen Saturation, Weiss [mg/l]
# name 6 = oxsolMg/L: Oxygen Saturation, Garcia & Gordon [mg/l]
# name 7 = sbeox0PS: Oxygen, SBE 43 [% saturation]
# name 8 = flECO-AFL: Fluorescence, WET Labs ECO-AFL/FL [mg/m^3]
# name 9 = turbWETntu0: Turbidity, WET Labs ECO [NTU]
# name 10 = par: PAR/Irradiance, Biospherical/Licor
# name 11 = xmiss: Beam Transmission, Chelsea/Seatech [%]
# name 12 = bat: Beam Attenuation, Chelsea/Seatech [1/m]
# name 13 = ph: pH
# name 14 = orp: Oxidation Reduction Potential [mV]
# name 15 = prDM: Pressure, Digiquartz [db]
# name 16 = potemp090C: Potential Temperature [ITS-90, deg C]
# name 17 = pta090C: Potential Temperature Anomaly [ITS-90, deg C], a0 = 0, a1 = 0
# name 18 = ptempC: Pressure Temperature [deg C]
# name 19 = density00: Density [density, kg/m^3]
# name 20 = sigma-é00: Density [sigma-theta, kg/m^3]
# name 21 = flag:  0.000e+00
# span 0 =      0.033,     19.066                 
# span 1 =    20.5820,    21.3523                 
# span 2 =     2.4338,    40.4387                 
# span 3 =    -0.1406,    28.6508                 
# span 4 =     6.4129,     8.3461                 
# span 5 =    6.97882,    8.78398                 
# span 6 =    6.99290,    8.80110                 
# span 7 =     91.116,     95.916                 
# span 8 =    -0.2637,     0.9207                 
# span 9 =    -0.3450,    24.6550                 
# span 10 = 1.0000e-12, 1.0000e-12                
# span 11 =    78.5386,    92.3140                
# span 12 =     0.3199,     0.9663                
# span 13 =      8.084,      8.119                
# span 14 =   263.4093,   271.8930                
# span 15 =      0.033,     19.193                
# span 16 =    20.5819,    21.3523                
# span 17 =    20.5819,    21.3523                
# span 18 =      18.80,      18.86                
# span 19 =   999.8601,  1028.7314                
# span 20 =    -0.1406,    28.6517                
# span 21 = 0.0000e+00, 0.0000e+00                
# interval = seconds: 0.0416667
# start_time = Jan 18 2020 05:54:29 [NMEA time, header]
# bad_flag = -9.990e-29
*END*
[from data line 593]
      5.789    21.3469    40.3661    28.4879     6.6624    6.97947    6.99354     95.265     0.3712     0.4792 1.0000e-12    92.2058     0.3246      8.096   265.2272      5.827    21.3457    21.3457      18.81  1028.5131    28.4882  0.000e+00
      5.734    21.3471    40.3669    28.4884     6.6633    6.97941    6.99349     95.278     0.3712     0.4792 1.0000e-12    92.1787     0.3258      8.096   265.2272      5.772    21.3460    21.3460      18.82  1028.5134    28.4888  0.000e+00
      5.797    21.3471    40.3670    28.4885     6.6643    6.97941    6.99349     95.293     0.3712     0.4731 1.0000e-12    92.2058     0.3246      8.096   265.2272      5.835    21.3459    21.3459      18.81  1028.5137    28.4888  0.000e+00
      5.851    21.3471    40.3671    28.4886     6.6650    6.97941    6.99348     95.303     0.3712     0.4731 1.0000e-12    92.2058     0.3246      8.096   265.2272      5.890    21.3459    21.3459      18.82  1028.5140    28.4889  0.000e+00
      5.789    21.3472    40.3668    28.4883     6.6700    6.97940    6.99347     95.375     0.3712     0.4731 1.0000e-12    92.1787     0.3258      8.092   265.2272      5.827    21.3461    21.3461      18.81  1028.5135    28.4887  0.000e+00
      5.851    21.3471    40.3671    28.4886     6.6710    6.97940    6.99348     95.388     0.3712     0.4792 1.0000e-12    92.1787     0.3258      8.096   265.2272      5.890    21.3459    21.3459      18.82  1028.5141    28.4890  0.000e+00
      5.851    21.3471    40.3180    28.4512     6.6739    6.98141    6.99550     95.403     0.3712     0.4792 1.0000e-12    92.1516     0.3269      8.096   265.2272      5.890    21.3459    21.3459      18.82  1028.4766    28.4515  0.000e+00
      5.851    21.3469    40.3393    28.4674     6.6784    6.98056    6.99465     95.478     0.3712     0.4853 1.0000e-12    92.0975     0.3293      8.096   265.2272      5.890    21.3457    21.3457      18.82  1028.4929    28.4678  0.000e+00
      5.906    21.3469    40.3634    28.4858     6.6785    6.97958    6.99366     95.493     0.3712     0.4853 1.0000e-12    92.0975     0.3293      8.096   265.2272      5.945    21.3457    21.3457      18.81  1028.5115    28.4861  0.000e+00
      5.906    21.3471    40.3672    28.4887     6.6792    6.97940    6.99347     95.506     0.3712     0.4792 1.0000e-12    92.0975     0.3293      8.096   265.2272      5.945    21.3459    21.3459      18.81  1028.5144    28.4890  0.000e+00
      5.914    21.3472    40.3672    28.4887     6.6801    6.97938    6.99345     95.519     0.3712     0.4792 1.0000e-12    92.0975     0.3293      8.096   265.2272      5.953    21.3460    21.3460      18.82  1028.5144    28.4890  0.000e+00
      5.906    21.3471    40.3676    28.4890     6.6853    6.97938    6.99346     95.594     0.3712     0.4792 1.0000e-12    92.0975     0.3293      8.096   265.2272      5.945    21.3459    21.3459      18.82  1028.5147    28.4893  0.000e+00
      5.906    21.3473    40.3676    28.4889     6.6818    6.97936    6.99344     95.545     0.3712     0.4731 1.0000e-12    92.0975     0.3293      8.096   265.2272      5.945    21.3461    21.3461      18.81  1028.5146    28.4893  0.000e+00
      5.961    21.3478    40.3673    28.4885     6.6870    6.97931    6.99338     95.619     0.3712     0.4853 1.0000e-12    92.0975     0.3293      8.096   265.2272      6.000    21.3466    21.3466      18.82  1028.5145    28.4889  0.000e+00
      5.969    21.3478    40.3674    28.4887     6.6879    6.97930    6.99338     95.632     0.3712     0.4853 1.0000e-12    92.0975     0.3293      8.096   265.2272      6.008    21.3466    21.3466      18.82  1028.5146    28.4890  0.000e+00
      5.961    21.3478    40.3679    28.4890     6.6884    6.97928    6.99336     95.640     0.3712     0.4792 1.0000e-12    92.0975     0.3293      8.096   265.2272      6.000    21.3466    21.3466      18.81  1028.5149    28.4894  0.000e+00
      5.961    21.3478    40.3673    28.4886     6.6892    6.97930    6.99338     95.651     0.3712     0.4792 1.0000e-12    92.0975     0.3293      8.092   265.2272      6.000    21.3466    21.3466      18.82  1028.5145    28.4889  0.000e+00
      6.078    21.3478    40.3672    28.4885     6.6942    6.97931    6.99339     95.722     0.3712     0.4853 1.0000e-12    92.0975     0.3293      8.096   265.2272      6.118    21.3466    21.3466      18.81  1028.5149    28.4888  0.000e+00
      5.961    21.3476    40.3672    28.4885     6.6903    6.97933    6.99341     95.666     0.3712     0.4731 1.0000e-12    92.0975     0.3293      8.092   265.2272      6.000    21.3464    21.3464      18.82  1028.5144    28.4889  0.000e+00
      6.086    21.3476    40.3669    28.4883     6.6910    6.97934    6.99342     95.675     0.3712     0.4792 1.0000e-12    92.0975     0.3293      8.096   265.2272      6.126    21.3464    21.3464      18.81  1028.5148    28.4886  0.000e+00
      6.023    21.3472    40.3676    28.4890     6.6956    6.97936    6.99344     95.741     0.3712     0.4792 1.0000e-12    92.0975     0.3293      8.096   265.2272      6.063    21.3460    21.3460      18.81  1028.5152    28.4893  0.000e+00
      6.023    21.3476    40.3673    28.4886     6.6915    6.97933    6.99340     95.683     0.3712     0.4792 1.0000e-12    92.0975     0.3293      8.096   265.2272      6.063    21.3464    21.3464      18.81  1028.5148    28.4889  0.000e+00
      6.133    21.3474    40.3676    28.4889     6.6962    6.97934    6.99342     95.749     0.3712     0.4853 1.0000e-12    92.0975     0.3293      8.096   265.2272      6.173    21.3462    21.3462      18.81  1028.5156    28.4892  0.000e+00
      6.086    21.3473    40.3673    28.4887     6.6966    6.97937    6.99345     95.756     0.3712     0.4853 1.0000e-12    92.0975     0.3293      8.092   265.2272      6.126    21.3461    21.3461      18.81  1028.5152    28.4891  0.000e+00
      6.078    21.3476    40.3670    28.4884     6.6923    6.97934    6.99342     95.694     0.3712     0.4731 1.0000e-12    92.0975     0.3293      8.092   265.2272      6.118    21.3464    21.3464      18.81  1028.5148    28.4887  0.000e+00
      6.133    21.3472    40.3670    28.4885     6.6967    6.97939    6.99347     95.756     0.3834     0.4853 1.0000e-12    92.0975     0.3293      8.096   265.2272      6.173    21.3460    21.3460      18.81  1028.5152    28.4888  0.000e+00
      6.078    21.3476    40.3666    28.4881     6.6969    6.97935    6.99343     95.760     0.4079     0.4914 1.0000e-12    92.0704     0.3305      8.096   265.2272      6.118    21.3464    21.3464      18.81  1028.5145    28.4884  0.000e+00
      6.140    21.3473    40.3668    28.4883     6.6924    6.97939    6.99347     95.696     0.4079     0.4914 1.0000e-12    92.0163     0.3328      8.092   265.2272      6.181    21.3460    21.3460      18.81  1028.5150    28.4887  0.000e+00
      6.195    21.3471    40.3665    28.4882     6.6877    6.97943    6.99351     95.627     0.4079     0.4914 1.0000e-12    92.0163     0.3328      8.092   265.2272      6.236    21.3458    21.3458      18.81  1028.5152    28.4885  0.000e+00
      6.133    21.3471    40.3671    28.4887     6.6867    6.97940    6.99348     95.613     0.4079     0.4914 1.0000e-12    92.0163     0.3328      8.096   265.2272      6.173    21.3458    21.3458      18.81  1028.5153    28.4890  0.000e+00
      6.195    21.3469    40.3670    28.4886     6.6860    6.97942    6.99350     95.603     0.4079     0.4975 1.0000e-12    92.0163     0.3328      8.096   265.2272      6.236    21.3457    21.3457      18.81  1028.5156    28.4890  0.000e+00
      6.203    21.3469    40.3673    28.4889     6.6894    6.97942    6.99349     95.651     0.4079     0.4975 1.0000e-12    92.0163     0.3328      8.092   265.2272      6.244    21.3456    21.3456      18.81  1028.5158    28.4892  0.000e+00
      6.195    21.3471    40.3675    28.4889     6.6932    6.97939    6.99347     95.706     0.4079     0.5036 1.0000e-12    92.0163     0.3328      8.092   265.2272      6.236    21.3458    21.3458      18.81  1028.5159    28.4893  0.000e+00
      6.195    21.3469    40.3673    28.4888     6.6882    6.97942    6.99350     95.635     0.4079     0.4914 1.0000e-12    92.0163     0.3328      8.096   265.2272      6.236    21.3456    21.3456      18.81  1028.5158    28.4892  0.000e+00
      6.250    21.3465    40.3673    28.4889     6.6875    6.97946    6.99354     95.624     0.4079     0.4975 1.0000e-12    92.0163     0.3328      8.092   265.2272      6.291    21.3453    21.3453      18.82  1028.5161    28.4893  0.000e+00
      6.250    21.3467    40.3669    28.4886     6.6866    6.97946    6.99353     95.611     0.4079     0.4975 1.0000e-12    92.0163     0.3328      8.096   265.2272      6.291    21.3455    21.3455      18.82  1028.5158    28.4889  0.000e+00
      6.258    21.3469    40.3671    28.4887     6.6859    6.97943    6.99350     95.602     0.4079     0.4975 1.0000e-12    92.0163     0.3328      8.096   265.2272      6.299    21.3456    21.3456      18.81  1028.5159    28.4890  0.000e+00
      6.195    21.3471    40.3670    28.4885     6.6851    6.97941    6.99349     95.590     0.4079     0.5036 1.0000e-12    92.0163     0.3328      8.096   265.2272      6.236    21.3458    21.3458      18.81  1028.5155    28.4889  0.000e+00
      6.312    21.3469    40.3674    28.4889     6.6799    6.97941    6.99348     95.516     0.4079     0.4914 1.0000e-12    92.0434     0.3316      8.096   265.2272      6.354    21.3457    21.3457      18.82  1028.5164    28.4893  0.000e+00
      6.250    21.3472    40.3669    28.4884     6.6787    6.97939    6.99347     95.499     0.4079     0.4975 1.0000e-12    92.0163     0.3328      8.096   265.2272      6.291    21.3460    21.3460      18.81  1028.5156    28.4888  0.000e+00
      6.312    21.3472    40.3672    28.4886     6.6778    6.97938    6.99346     95.487     0.4079     0.4975 1.0000e-12    92.0163     0.3328      8.096   265.2272      6.354    21.3460    21.3460      18.81  1028.5161    28.4890  0.000e+00
      6.312    21.3469    40.3673    28.4888     6.6816    6.97941    6.99349     95.541     0.4079     0.4975 1.0000e-12    92.0163     0.3328      8.096   265.2272      6.354    21.3457    21.3457      18.81  1028.5163    28.4892  0.000e+00
      6.312    21.3471    40.3673    28.4887     6.6809    6.97940    6.99348     95.530     0.4079     0.5036 1.0000e-12    92.0163     0.3328      8.092   265.2272      6.354    21.3458    21.3458      18.81  1028.5162    28.4891  0.000e+00
      6.367    21.3472    40.3669    28.4885     6.6801    6.97939    6.99347     95.519     0.4079     0.4975 1.0000e-12    92.0163     0.3328      8.092   265.2272      6.409    21.3460    21.3460      18.81  1028.5162    28.4888  0.000e+00
      6.375    21.3472    40.3671    28.4885     6.6748    6.97938    6.99346     95.443     0.4079     0.4975 1.0000e-12    92.0163     0.3328      8.096   265.2272      6.417    21.3460    21.3460      18.82  1028.5163    28.4889  0.000e+00
      6.312    21.3471    40.3671    28.4886     6.6739    6.97940    6.99348     95.430     0.4079     0.4975 1.0000e-12    92.0163     0.3328      8.096   265.2272      6.354    21.3458    21.3458      18.81  1028.5161    28.4890  0.000e+00
      6.422    21.3472    40.3670    28.4885     6.6730    6.97939    6.99346     95.418     0.4079     0.4975 1.0000e-12    92.0704     0.3305      8.096   265.2272      6.464    21.3459    21.3459      18.81  1028.5165    28.4889  0.000e+00
      6.367    21.3471    40.3671    28.4886     6.6723    6.97940    6.99348     95.408     0.4079     0.5036 1.0000e-12    92.2328     0.3234      8.096   265.2272      6.409    21.3458    21.3458      18.81  1028.5163    28.4890  0.000e+00
      6.312    21.3469    40.3671    28.4886     6.6714    6.97942    6.99350     95.394     0.4079     0.4975 1.0000e-12    92.3140     0.3199      8.096   265.2272      6.354    21.3457    21.3457      18.82  1028.5161    28.4890  0.000e+00
      6.484    21.3469    40.3672    28.4887     6.6708    6.97942    6.99350     95.385     0.4079     0.4975 1.0000e-12    92.2870     0.3211      8.096   265.2272      6.527    21.3456    21.3456      18.82  1028.5169    28.4891  0.000e+00
      6.484    21.3467    40.3675    28.4890     6.6700    6.97943    6.99351     95.374     0.4079     0.4914 1.0000e-12    92.2870     0.3211      8.096   265.2272      6.527    21.3454    21.3454      18.82  1028.5173    28.4894  0.000e+00
      6.422    21.3469    40.3670    28.4886     6.6692    6.97943    6.99351     95.362     0.4079     0.4975 1.0000e-12    92.2870     0.3211      8.096   265.2272      6.464    21.3456    21.3456      18.81  1028.5165    28.4890  0.000e+00
      6.422    21.3469    40.3670    28.4886     6.6639    6.97943    6.99350     95.287     0.3956     0.5036 1.0000e-12    92.2870     0.3211      8.092   265.2272      6.464    21.3456    21.3456      18.81  1028.5165    28.4889  0.000e+00
      6.484    21.3467    40.3673    28.4889     6.6676    6.97944    6.99352     95.340     0.3834     0.5463 1.0000e-12    92.2870     0.3211      8.092   265.2272      6.527    21.3454    21.3454      18.81  1028.5171    28.4893  0.000e+00
      6.484    21.3467    40.3672    28.4888     6.6671    6.97944    6.99352     95.332     0.3834     0.5463 1.0000e-12    92.2870     0.3211      8.092   265.2272      6.527    21.3454    21.3454      18.81  1028.5170    28.4892  0.000e+00
      6.539    21.3467    40.3670    28.4886     6.6621    6.97945    6.99353     95.261     0.3834     0.5524 1.0000e-12    92.2870     0.3211      8.092   265.2272      6.582    21.3454    21.3454      18.81  1028.5171    28.4890  0.000e+00
      6.539    21.3465    40.3673    28.4889     6.6660    6.97946    6.99354     95.317     0.3834     0.5524 1.0000e-12    92.2870     0.3211      8.092   265.2272      6.582    21.3452    21.3452      18.81  1028.5174    28.4893  0.000e+00
      6.547    21.3465    40.3675    28.4891     6.6702    6.97946    6.99353     95.376     0.3834     0.5585 1.0000e-12    92.2870     0.3211      8.092   265.2272      6.590    21.3452    21.3452      18.82  1028.5175    28.4894  0.000e+00
      6.539    21.3465    40.3673    28.4890     6.6656    6.97946    6.99354     95.311     0.3834     0.5463 1.0000e-12    92.2870     0.3211      8.096   265.2272      6.582    21.3452    21.3452      18.81  1028.5174    28.4893  0.000e+00
      6.539    21.3467    40.3673    28.4889     6.6653    6.97944    6.99352     95.306     0.3834     0.5524 1.0000e-12    92.2870     0.3211      8.096   265.2272      6.582    21.3454    21.3454      18.82  1028.5173    28.4893  0.000e+00
      6.601    21.3465    40.3673    28.4889     6.6608    6.97946    6.99354     95.242     0.3834     0.5463 1.0000e-12    92.2870     0.3211      8.092   265.2272      6.645    21.3452    21.3452      18.82  1028.5177    28.4893  0.000e+00
      6.601    21.3465    40.3675    28.4890     6.6602    6.97946    6.99353     95.234     0.3834     0.5524 1.0000e-12    92.2870     0.3211      8.096   265.2272      6.645    21.3452    21.3452      18.81  1028.5178    28.4894  0.000e+00
      6.547    21.3465    40.3670    28.4887     6.6644    6.97948    6.99355     95.293     0.3834     0.5524 1.0000e-12    92.2870     0.3211      8.096   265.2272      6.590    21.3452    21.3452      18.81  1028.5172    28.4890  0.000e+00
      6.656    21.3460    40.3665    28.4884     6.6601    6.97956    6.99364     95.230     0.3834     0.5463 1.0000e-12    92.2870     0.3211      8.092   265.2272      6.700    21.3447    21.3447      18.81  1028.5174    28.4888  0.000e+00
      6.656    21.3451    40.3673    28.4893     6.6644    6.97964    6.99372     95.291     0.3834     0.5585 1.0000e-12    92.3140     0.3199      8.092   265.2272      6.700    21.3438    21.3438      18.81  1028.5183    28.4897  0.000e+00
