Data/RVJanan08403.cnv
* Sea-Bird SBE 9 Data File:
* FileName = C:\CruiseData\CTD911\RVJanan084\Hex\RVJanan08403.hex
* Software Version Seasave V 7.26.7.121
* Temperature SN = 5958
* Conductivity SN = 3674
* Number of Bytes Per Scan = 37
* Number of Voltage Words = 4
* Number of Scans Averaged by the Deck Unit = 1
* NMEA Latitude = 25 31.33 N
* NMEA Longitude = 052 31.18 E
* NMEA UTC (Time) = Mar 07 2020  12:20:19
* NMEA baud rate = 4800
** Ship: R/V JANAN
** Cruise: NPRP10Restore04-March2020
** Station: Maydan Mahzen reef
** Bottom Depth [m]: 27
** Operator: MD
# nquan = 22
# nvalues = 4242                                  
# units = specified
# name 0 = depSM: Depth [salt water, m]
# name 1 = t090C: Temperature [ITS-90, deg C]
# name 2 = sal00: Salinity, Practical [PSU]
# name 3 = sigma-t00: Density [sigma-t, kg/m^3 ]
# name 4 = sbeox0Mg/L: Oxygen, SBE 43 [mg/l]
# name 5 = oxsatMg/L: Oxygen Saturation, Weiss [mg/l]
# name 6 = oxsolMg/L: Oxygen Saturation, Garcia & Gordon [mg/l]
# name 7 = sbeox0PS: Oxygen, SBE 43 [% saturation]
# name 8 = flECO-AFL: Fluorescence, WET Labs ECO-AFL/FL [mg/m^3]
# name 9 = turbWETntu0: Turbidity, WET Labs ECO [NTU]
# name 10 = par: PAR/Irradiance, Biospherical/Licor
# name 11 = xmiss: Beam Transmission, Chelsea/Seatech [%]
# name 12 = bat: Beam Attenuation, Chelsea/Seatech [1/m]
# name 13 = ph: pH
# name 14 = orp: Oxidation Reduction Potential [mV]
# name 15 = prDM: Pressure, Digiquartz [db]
# name 16 = potemp090C: Potential Temperature [ITS-90, deg C]
# name 17 = pta090C: Potential Temperature Anomaly [ITS-90, deg C], a0 = 0, a1 = 0
# name 18 = ptempC: Pressure Temperature [deg C]
# name 19 = density00: Density [density, kg/m^3]
# name 20 = sigma-é00: Density [sigma-theta, kg/m^3]
# name 21 = flag:  0.000e+00
# span 0 =     -0.258,     25.755                 
# span 1 =    20.5885,    22.4768                 
# span 2 =     3.4310,    40.2652                 
# span 3 =     0.3316,    28.6228                 
# span 4 =     6.6315,     8.4789                 
# span 5 =    6.84934,    8.52523                 
# span 6 =    6.86429,    8.54330                 
# span 7 =     93.565,    100.309                 
# span 8 =     0.1759,     1.0428                 
# span 9 =    -0.0520,     0.7112                 
# span 10 = 1.0000e-12, 1.0000e-12                
# span 11 =    66.9867,    94.9657                
# span 12 =     0.2066,     1.6027                
# span 13 =      8.189,      8.229                
# span 14 =   254.9255,   262.1973                
# span 15 =     -0.260,     25.925                
# span 16 =    20.5835,    22.4767                
# span 17 =    20.5835,    22.4767                
# span 18 =      24.13,      24.37                
# span 19 =  1000.3307,  1028.7341                
# span 20 =     0.3316,    28.6242                
# span 21 = 0.0000e+00, 0.0000e+00                
# interval = seconds: 0.0416667
# start_time = Mar 07 2020 12:20:19 [NMEA time, header]
# bad_flag = -9.990e-29
*END*
[from data line 856]
     11.058    21.0019    40.0703    28.3591     6.8797    7.03491    7.04875     97.602     0.3590     0.3021 1.0000e-12    94.8571     0.2112      8.225   259.1674     11.130    20.9997    20.9997      24.16  1028.4072    28.3597  0.000e+00
     11.120    21.0014    40.0705    28.3593     6.8799    7.03497    7.04881     97.604     0.3590     0.2960 1.0000e-12    94.8571     0.2112      8.225   259.1674     11.193    20.9992    20.9992      24.18  1028.4078    28.3600  0.000e+00
     11.120    21.0006    40.0709    28.3599     6.8843    7.03504    7.04888     97.666     0.3590     0.3021 1.0000e-12    94.8571     0.2112      8.225   259.1674     11.193    20.9984    20.9984      24.16  1028.4083    28.3605  0.000e+00
     11.120    20.9999    40.0708    28.3600     6.8803    7.03514    7.04897     97.606     0.3590     0.3021 1.0000e-12    94.8571     0.2112      8.225   259.1674     11.193    20.9977    20.9977      24.16  1028.4085    28.3606  0.000e+00
     11.183    20.9994    40.0711    28.3604     6.8759    7.03519    7.04903     97.544     0.3590     0.2899 1.0000e-12    94.8571     0.2112      8.221   259.1674     11.256    20.9972    20.9972      24.16  1028.4091    28.3610  0.000e+00
     11.175    20.9988    40.0713    28.3607     6.8801    7.03526    7.04909     97.603     0.3590     0.3021 1.0000e-12    94.8571     0.2112      8.225   259.1674     11.248    20.9966    20.9966      24.16  1028.4094    28.3613  0.000e+00
     11.175    20.9979    40.0712    28.3609     6.8758    7.03537    7.04921     97.540     0.3590     0.3021 1.0000e-12    94.8842     0.2101      8.221   259.1674     11.248    20.9957    20.9957      24.16  1028.4096    28.3615  0.000e+00
     11.175    20.9972    40.0719    28.3616     6.8800    7.03543    7.04927     97.599     0.3834     0.3082 1.0000e-12    94.8571     0.2112      8.225   259.1674     11.248    20.9950    20.9950      24.16  1028.4103    28.3622  0.000e+00
     11.230    20.9968    40.0718    28.3616     6.8757    7.03549    7.04932     97.537     0.3956     0.3021 1.0000e-12    94.8842     0.2101      8.221   259.1674     11.303    20.9946    20.9946      24.16  1028.4105    28.3622  0.000e+00
     11.238    20.9963    40.0724    28.3622     6.8757    7.03553    7.04936     97.536     0.3956     0.3021 1.0000e-12    94.8842     0.2101      8.225   259.1674     11.311    20.9941    20.9941      24.16  1028.4111    28.3628  0.000e+00
     11.230    20.9960    40.0724    28.3624     6.8756    7.03557    7.04940     97.535     0.3956     0.3021 1.0000e-12    94.8571     0.2112      8.225   259.1674     11.303    20.9937    20.9937      24.16  1028.4113    28.3630  0.000e+00
     11.292    20.9958    40.0723    28.3623     6.8711    7.03560    7.04943     97.471     0.3956     0.3021 1.0000e-12    94.8571     0.2112      8.225   259.1674     11.366    20.9935    20.9935      24.16  1028.4115    28.3629  0.000e+00
     11.230    20.9950    40.0727    28.3628     6.8709    7.03568    7.04951     97.466     0.3956     0.2960 1.0000e-12    94.8842     0.2101      8.225   259.1674     11.303    20.9928    20.9928      24.16  1028.4117    28.3634  0.000e+00
     11.292    20.9943    40.0727    28.3630     6.8708    7.03577    7.04960     97.463     0.3956     0.3021 1.0000e-12    94.9114     0.2089      8.225   259.1674     11.366    20.9921    20.9921      24.16  1028.4122    28.3636  0.000e+00
     11.300    20.9936    40.0734    28.3638     6.8706    7.03583    7.04966     97.460     0.3956     0.3021 1.0000e-12    94.9386     0.2078      8.225   259.1674     11.374    20.9914    20.9914      24.19  1028.4130    28.3644  0.000e+00
     11.410    20.9932    40.0736    28.3640     6.8706    7.03587    7.04970     97.459     0.3956     0.3021 1.0000e-12    94.9114     0.2089      8.225   259.1674     11.484    20.9910    20.9910      24.16  1028.4137    28.3646  0.000e+00
     11.347    20.9929    40.0735    28.3641     6.8704    7.03592    7.04975     97.456     0.3956     0.3021 1.0000e-12    94.9114     0.2089      8.225   259.1674     11.421    20.9906    20.9906      24.16  1028.4135    28.3647  0.000e+00
     11.293    20.9922    40.0743    28.3648     6.8745    7.03597    7.04980     97.514     0.3956     0.3082 1.0000e-12    94.9114     0.2089      8.225   259.1674     11.366    20.9899    20.9899      24.16  1028.4140    28.3654  0.000e+00
     11.410    20.9920    40.0740    28.3647     6.8658    7.03601    7.04984     97.389     0.3956     0.2960 1.0000e-12    94.9114     0.2089      8.225   259.1674     11.484    20.9897    20.9897      24.16  1028.4144    28.3653  0.000e+00
     11.347    20.9912    40.0743    28.3651     6.8652    7.03609    7.04992     97.380     0.3956     0.3021 1.0000e-12    94.9114     0.2089      8.225   259.1674     11.421    20.9890    20.9890      24.16  1028.4145    28.3657  0.000e+00
     11.410    20.9907    40.0747    28.3656     6.8650    7.03614    7.04997     97.377     0.3956     0.2960 1.0000e-12    94.9114     0.2089      8.225   259.1674     11.484    20.9885    20.9885      24.16  1028.4153    28.3662  0.000e+00
     11.464    20.9904    40.0747    28.3657     6.8649    7.03618    7.05001     97.374     0.3956     0.3021 1.0000e-12    94.9114     0.2089      8.225   259.1674     11.539    20.9881    20.9881      24.18  1028.4156    28.3663  0.000e+00
     11.410    20.9899    40.0751    28.3661     6.8647    7.03622    7.05005     97.370     0.3956     0.2960 1.0000e-12    94.9114     0.2089      8.221   259.1674     11.484    20.9877    20.9877      24.16  1028.4158    28.3667  0.000e+00
     11.465    20.9893    40.0757    28.3667     6.8643    7.03628    7.05011     97.365     0.3956     0.2960 1.0000e-12    94.9114     0.2089      8.221   259.1674     11.539    20.9870    20.9870      24.16  1028.4166    28.3673  0.000e+00
     11.465    20.9889    40.0758    28.3669     6.8640    7.03632    7.05015     97.359     0.3956     0.3021 1.0000e-12    94.9114     0.2089      8.225   259.1674     11.539    20.9867    20.9867      24.16  1028.4169    28.3676  0.000e+00
     11.527    20.9886    40.0757    28.3669     6.8685    7.03637    7.05020     97.423     0.3956     0.3082 1.0000e-12    94.9114     0.2089      8.225   259.1674     11.602    20.9863    20.9863      24.16  1028.4171    28.3676  0.000e+00
     11.465    20.9882    40.0759    28.3672     6.8639    7.03641    7.05023     97.357     0.3956     0.3021 1.0000e-12    94.9114     0.2089      8.221   259.1674     11.540    20.9859    20.9859      24.18  1028.4171    28.3678  0.000e+00
     11.519    20.9879    40.0759    28.3673     6.8637    7.03645    7.05028     97.353     0.3956     0.3021 1.0000e-12    94.9114     0.2089      8.225   259.1674     11.595    20.9856    20.9856      24.16  1028.4175    28.3679  0.000e+00
     11.519    20.9873    40.0764    28.3678     6.8587    7.03650    7.05033     97.282     0.3956     0.2960 1.0000e-12    94.9114     0.2089      8.225   259.1674     11.595    20.9850    20.9850      24.16  1028.4180    28.3684  0.000e+00
     11.519    20.9869    40.0764    28.3679     6.8627    7.03655    7.05037     97.339     0.3956     0.3021 1.0000e-12    94.9114     0.2089      8.225   259.1674     11.595    20.9847    20.9847      24.16  1028.4181    28.3686  0.000e+00
     11.519    20.9869    40.0760    28.3676     6.8623    7.03656    7.05039     97.332     0.3956     0.3082 1.0000e-12    94.9114     0.2089      8.225   259.1674     11.595    20.9847    20.9847      24.18  1028.4178    28.3683  0.000e+00
     11.644    20.9866    40.0761    28.3678     6.8623    7.03661    7.05043     97.331     0.3956     0.3082 1.0000e-12    94.9114     0.2089      8.225   259.1674     11.721    20.9843    20.9843      24.16  1028.4185    28.3684  0.000e+00
     11.582    20.9862    40.0763    28.3680     6.8621    7.03664    7.05047     97.328     0.3956     0.3021 1.0000e-12    94.9114     0.2089      8.225   259.1674     11.658    20.9839    20.9839      24.16  1028.4185    28.3687  0.000e+00
     11.582    20.9861    40.0767    28.3683     6.8665    7.03665    7.05047     97.390     0.3956     0.3021 1.0000e-12    94.9114     0.2089      8.225   259.1674     11.658    20.9838    20.9838      24.18  1028.4188    28.3690  0.000e+00
     11.637    20.9861    40.0762    28.3680     6.8667    7.03667    7.05049     97.393     0.3956     0.2777 1.0000e-12    94.9386     0.2078      8.221   259.1674     11.713    20.9838    20.9838      24.16  1028.4187    28.3686  0.000e+00
     11.637    20.9855    40.0766    28.3685     6.8672    7.03672    7.05055     97.399     0.3956     0.2716 1.0000e-12    94.9386     0.2078      8.225   259.1674     11.713    20.9832    20.9832      24.16  1028.4192    28.3691  0.000e+00
     11.645    20.9851    40.0769    28.3688     6.8674    7.03676    7.05058     97.402     0.3956     0.2655 1.0000e-12    94.9386     0.2078      8.225   259.1674     11.721    20.9828    20.9828      24.18  1028.4195    28.3695  0.000e+00
     11.637    20.9844    40.0773    28.3693     6.8677    7.03683    7.05065     97.405     0.3956     0.2655 1.0000e-12    94.9386     0.2078      8.225   259.1674     11.713    20.9821    20.9821      24.16  1028.4200    28.3699  0.000e+00
     11.699    20.9839    40.0775    28.3696     6.8638    7.03688    7.05071     97.349     0.3956     0.2594 1.0000e-12    94.9386     0.2078      8.225   259.1674     11.776    20.9816    20.9816      24.16  1028.4205    28.3702  0.000e+00
     11.699    20.9835    40.0780    28.3701     6.8687    7.03692    7.05074     97.418     0.3956     0.2655 1.0000e-12    94.9386     0.2078      8.221   259.1674     11.776    20.9812    20.9812      24.18  1028.4211    28.3707  0.000e+00
     11.699    20.9831    40.0778    28.3701     6.8690    7.03697    7.05079     97.422     0.3956     0.2655 1.0000e-12    94.9386     0.2078      8.221   259.1674     11.776    20.9808    20.9808      24.18  1028.4210    28.3707  0.000e+00
     11.699    20.9828    40.0780    28.3703     6.8649    7.03701    7.05083     97.363     0.3956     0.2655 1.0000e-12    94.9386     0.2078      8.221   259.1674     11.776    20.9805    20.9805      24.16  1028.4212    28.3709  0.000e+00
     11.699    20.9826    40.0782    28.3704     6.8650    7.03702    7.05084     97.365     0.3956     0.2655 1.0000e-12    94.9114     0.2089      8.221   259.1674     11.776    20.9803    20.9803      24.16  1028.4214    28.3711  0.000e+00
     11.809    20.9823    40.0784    28.3708     6.8698    7.03706    7.05088     97.432     0.3956     0.2655 1.0000e-12    94.9386     0.2078      8.221   259.1674     11.886    20.9799    20.9799      24.18  1028.4222    28.3714  0.000e+00
     11.754    20.9819    40.0785    28.3709     6.8657    7.03710    7.05092     97.373     0.3956     0.2655 1.0000e-12    94.9114     0.2089      8.221   259.1674     11.831    20.9796    20.9796      24.16  1028.4221    28.3715  0.000e+00
     11.809    20.9815    40.0786    28.3711     6.8660    7.03714    7.05096     97.377     0.3956     0.2655 1.0000e-12    94.9386     0.2078      8.221   259.1674     11.886    20.9792    20.9792      24.18  1028.4225    28.3717  0.000e+00
     11.809    20.9808    40.0794    28.3719     6.8618    7.03720    7.05102     97.316     0.3956     0.2655 1.0000e-12    94.9386     0.2078      8.221   259.1674     11.886    20.9785    20.9785      24.16  1028.4233    28.3725  0.000e+00
     11.645    20.9803    40.0791    28.3718     6.8572    7.03728    7.05110     97.250     0.3956     0.2655 1.0000e-12    94.9386     0.2078      8.221   259.1674     11.721    20.9780    20.9780      24.18  1028.4225    28.3725  0.000e+00
     11.926    20.9797    40.0795    28.3723     6.8571    7.03733    7.05115     97.248     0.3956     0.2594 1.0000e-12    94.9386     0.2078      8.221   259.1674     12.004    20.9774    20.9774      24.16  1028.4243    28.3730  0.000e+00
     11.809    20.9794    40.0797    28.3726     6.8569    7.03737    7.05119     97.244     0.3956     0.2655 1.0000e-12    94.9386     0.2078      8.221   258.5614     11.886    20.9770    20.9770      24.16  1028.4240    28.3732  0.000e+00
     11.871    20.9787    40.0803    28.3732     6.8569    7.03743    7.05125     97.244     0.3956     0.2655 1.0000e-12    94.9386     0.2078      8.221   259.1674     11.949    20.9763    20.9763      24.16  1028.4249    28.3738  0.000e+00
     11.871    20.9778    40.0805    28.3736     6.8573    7.03753    7.05135     97.247     0.3956     0.2655 1.0000e-12    94.9386     0.2078      8.221   259.1674     11.949    20.9755    20.9755      24.16  1028.4253    28.3743  0.000e+00
     11.926    20.9774    40.0809    28.3740     6.8574    7.03757    7.05139     97.249     0.3956     0.2655 1.0000e-12    94.9114     0.2089      8.221   259.1674     12.004    20.9750    20.9750      24.16  1028.4259    28.3746  0.000e+00
     11.879    20.9769    40.0812    28.3744     6.8572    7.03762    7.05144     97.246     0.3956     0.2594 1.0000e-12    94.9657     0.2066      8.221   259.1674     11.957    20.9745    20.9745      24.16  1028.4262    28.3751  0.000e+00
     11.926    20.9765    40.0810    28.3743     6.8574    7.03768    7.05149     97.248     0.3956     0.2655 1.0000e-12    94.9657     0.2066      8.221   258.5614     12.004    20.9742    20.9742      24.16  1028.4263    28.3750  0.000e+00
     11.926    20.9759    40.0813    28.3748     6.8574    7.03774    7.05155     97.247     0.3956     0.2655 1.0000e-12    94.9657     0.2066      8.221   259.1674     12.004    20.9736    20.9736      24.16  1028.4267    28.3754  0.000e+00
     11.926    20.9756    40.0817    28.3751     6.8577    7.03777    7.05158     97.250     0.3956     0.2594 1.0000e-12    94.9657     0.2066      8.221   259.1674     12.004    20.9732    20.9732      24.16  1028.4271    28.3758  0.000e+00
     11.926    20.9752    40.0817    28.3752     6.8577    7.03781    7.05162     97.250     0.3956     0.2655 1.0000e-12    94.9657     0.2066      8.221   259.1674     12.004    20.9729    20.9729      24.18  1028.4272    28.3759  0.000e+00
     11.981    20.9749    40.0818    28.3754     6.8624    7.03785    7.05167     97.316     0.3956     0.2716 1.0000e-12    94.9657     0.2066      8.221   259.1674     12.059    20.9725    20.9725      24.18  1028.4275    28.3760  0.000e+00
     11.989    20.9742    40.0820    28.3758     6.8583    7.03793    7.05174     97.257     0.3956     0.2655 1.0000e-12    94.9657     0.2066      8.221   259.1674     12.067    20.9718    20.9718      24.18  1028.4280    28.3764  0.000e+00
     11.981    20.9738    40.0820    28.3758     6.8627    7.03798    7.05180     97.319     0.3956     0.2655 1.0000e-12    94.9657     0.2066      8.221   259.1674     12.059    20.9714    20.9714      24.16  1028.4280    28.3765  0.000e+00
     11.981    20.9735    40.0822    28.3761     6.8629    7.03801    7.05182     97.321     0.3834     0.3021 1.0000e-12    94.9657     0.2066      8.221   259.1674     12.059    20.9711    20.9711      24.16  1028.4283    28.3768  0.000e+00
     12.044    20.9731    40.0825    28.3765     6.8631    7.03805    7.05186     97.324     0.3712     0.3327 1.0000e-12    94.9657     0.2066      8.221   259.1674     12.122    20.9707    20.9707      24.16  1028.4289    28.3771  0.000e+00
     12.044    20.9727    40.0829    28.3768     6.8633    7.03808    7.05189     97.326     0.3712     0.3388 1.0000e-12    94.9657     0.2066      8.221   259.1674     12.122    20.9703    20.9703      24.18  1028.4293    28.3775  0.000e+00
     12.044    20.9724    40.0830    28.3770     6.8636    7.03812    7.05193     97.329     0.3712     0.3327 1.0000e-12    94.9657     0.2066      8.221   259.1674     12.122    20.9700    20.9700      24.16  1028.4295    28.3777  0.000e+00
