Data/RVJanan08402.cnv
* Sea-Bird SBE 9 Data File:
* FileName = C:\CruiseData\CTD911\RVJanan084\Hex\RVJanan08402.hex
* Software Version Seasave V 7.26.7.121
* Temperature SN = 5958
* Conductivity SN = 3674
* Number of Bytes Per Scan = 37
* Number of Voltage Words = 4
* Number of Scans Averaged by the Deck Unit = 1
* NMEA Latitude = 25 42.93 N
* NMEA Longitude = 052 36.08 E
* NMEA UTC (Time) = Mar 07 2020  08:50:23
* NMEA baud rate = 4800
** Ship: R/V JANAN
** Cruise: NPRP10Restore04-March2020
** Station: FashtEHalul
** Bottom Depth [m]: 44
** Operator: MD
# nquan = 22
# nvalues = 5582                                  
# units = specified
# name 0 = depSM: Depth [salt water, m]
# name 1 = t090C: Temperature [ITS-90, deg C]
# name 2 = sal00: Salinity, Practical [PSU]
# name 3 = sigma-t00: Density [sigma-t, kg/m^3 ]
# name 4 = sbeox0Mg/L: Oxygen, SBE 43 [mg/l]
# name 5 = oxsatMg/L: Oxygen Saturation, Weiss [mg/l]
# name 6 = oxsolMg/L: Oxygen Saturation, Garcia & Gordon [mg/l]
# name 7 = sbeox0PS: Oxygen, SBE 43 [% saturation]
# name 8 = flECO-AFL: Fluorescence, WET Labs ECO-AFL/FL [mg/m^3]
# name 9 = turbWETntu0: Turbidity, WET Labs ECO [NTU]
# name 10 = par: PAR/Irradiance, Biospherical/Licor
# name 11 = xmiss: Beam Transmission, Chelsea/Seatech [%]
# name 12 = bat: Beam Attenuation, Chelsea/Seatech [1/m]
# name 13 = ph: pH
# name 14 = orp: Oxidation Reduction Potential [mV]
# name 15 = prDM: Pressure, Digiquartz [db]
# name 16 = potemp090C: Potential Temperature [ITS-90, deg C]
# name 17 = pta090C: Potential Temperature Anomaly [ITS-90, deg C], a0 = 0, a1 = 0
# name 18 = ptempC: Pressure Temperature [deg C]
# name 19 = density00: Density [density, kg/m^3]
# name 20 = sigma-é00: Density [sigma-theta, kg/m^3]
# name 21 = flag:  0.000e+00
# span 0 =     -0.169,     43.877                 
# span 1 =    20.5504,    22.0312                 
# span 2 =     2.8250,    40.4442                 
# span 3 =     0.0409,    28.7693                 
# span 4 =     6.2122,     8.4956                 
# span 5 =    6.91687,    8.68348                 
# span 6 =    6.93159,    8.70094                 
# span 7 =     87.621,     98.046                 
# span 8 =    -0.0561,    49.3700                 
# span 9 =    -0.1252,     1.2728                 
# span 10 = 1.0000e-12, 1.0000e-12                
# span 11 =    86.2461,   102.3000                
# span 12 =    -0.0910,     0.5919                
# span 13 =      8.154,      8.215                
# span 14 =   176.7537,   196.1452                
# span 15 =     -0.170,     44.168                
# span 16 =    20.5427,    22.0312                
# span 17 =    20.5427,    22.0312                
# span 18 =      20.19,      20.32                
# span 19 =  1000.0410,  1028.9598                
# span 20 =     0.0409,    28.7717                
# span 21 = 0.0000e+00, 0.0000e+00                
# interval = seconds: 0.0416667
# start_time = Mar 07 2020 08:50:23 [NMEA time, header]
# bad_flag = -9.990e-29
*END*
[from data line 856]
     10.231    21.3068    39.8323    28.0919     6.7695    7.00631    7.02046     96.426     0.5422     0.2838 1.0000e-12    95.3460     0.1906      8.210   181.6016     10.298    21.3048    21.3048      20.22  1028.1364    28.0925  0.000e+00
     10.231    21.3055    39.8322    28.0922     6.7689    7.00648    7.02063     96.414     0.5422     0.2960 1.0000e-12    95.3460     0.1906      8.215   181.6016     10.298    21.3034    21.3034      20.20  1028.1367    28.0928  0.000e+00
     10.286    21.3037    39.8322    28.0927     6.7684    7.00670    7.02085     96.404     0.5422     0.2960 1.0000e-12    95.3460     0.1906      8.210   181.6016     10.354    21.3016    21.3016      20.22  1028.1375    28.0933  0.000e+00
     10.286    21.3024    39.8326    28.0934     6.7634    7.00684    7.02099     96.331     0.5422     0.2899 1.0000e-12    95.3460     0.1906      8.210   180.9956     10.354    21.3004    21.3004      20.22  1028.1382    28.0939  0.000e+00
     10.294    21.3015    39.8334    28.0942     6.7626    7.00692    7.02107     96.319     0.5422     0.2960 1.0000e-12    95.3460     0.1906      8.210   180.9956     10.361    21.2995    21.2995      20.22  1028.1390    28.0948  0.000e+00
     10.286    21.3013    39.8342    28.0948     6.7619    7.00692    7.02107     96.308     0.5422     0.2899 1.0000e-12    95.3460     0.1906      8.210   181.6016     10.354    21.2993    21.2993      20.22  1028.1396    28.0954  0.000e+00
     10.286    21.3015    39.8341    28.0948     6.7612    7.00689    7.02104     96.298     0.5422     0.2899 1.0000e-12    95.3460     0.1906      8.210   180.9956     10.354    21.2995    21.2995      20.22  1028.1396    28.0953  0.000e+00
     10.403    21.3019    39.8329    28.0937     6.7604    7.00690    7.02105     96.288     0.5666     0.2960 1.0000e-12    95.3460     0.1906      8.210   181.6016     10.472    21.2998    21.2998      20.22  1028.1390    28.0943  0.000e+00
     10.349    21.3015    39.8112    28.0772     6.7605    7.00783    7.02199     96.276     0.5666     0.2960 1.0000e-12    95.3460     0.1906      8.210   181.6016     10.417    21.2995    21.2995      20.22  1028.1223    28.0778  0.000e+00
     10.349    21.3003    39.8098    28.0766     6.7555    7.00805    7.02220     96.202     0.5666     0.2899 1.0000e-12    95.3460     0.1906      8.210   181.6016     10.417    21.2982    21.2982      20.22  1028.1216    28.0772  0.000e+00
     10.411    21.2993    39.8278    28.0905     6.7496    7.00744    7.02159     96.126     0.5666     0.2899 1.0000e-12    95.3460     0.1906      8.210   181.6016     10.479    21.2972    21.2972      20.22  1028.1359    28.0911  0.000e+00
     10.349    21.2986    39.8332    28.0948     6.7529    7.00729    7.02144     96.175     0.5666     0.2899 1.0000e-12    95.3460     0.1906      8.210   181.6016     10.417    21.2966    21.2966      20.22  1028.1399    28.0954  0.000e+00
     10.458    21.2979    39.8338    28.0955     6.7476    7.00736    7.02151     96.099     0.5666     0.2899 1.0000e-12    95.3460     0.1906      8.210   181.6016     10.527    21.2958    21.2958      20.22  1028.1410    28.0961  0.000e+00
     10.404    21.2983    39.8335    28.0952     6.7419    7.00733    7.02148     96.018     0.5666     0.2838 1.0000e-12    95.3460     0.1906      8.210   181.6016     10.472    21.2962    21.2962      20.22  1028.1405    28.0958  0.000e+00
     10.458    21.2985    39.8312    28.0934     6.7407    7.00740    7.02154     96.001     0.5666     0.2899 1.0000e-12    95.3460     0.1906      8.210   181.6016     10.527    21.2964    21.2964      20.22  1028.1389    28.0940  0.000e+00
     10.458    21.2986    39.8268    28.0900     6.7394    7.00756    7.02170     95.980     0.5666     0.2899 1.0000e-12    95.3732     0.1895      8.210   181.6016     10.527    21.2966    21.2966      20.22  1028.1355    28.0906  0.000e+00
     10.466    21.2986    39.8306    28.0929     6.7382    7.00740    7.02155     95.964     0.5666     0.2899 1.0000e-12    95.4275     0.1872      8.210   181.6016     10.535    21.2966    21.2966      20.22  1028.1385    28.0935  0.000e+00
     10.521    21.2985    39.8321    28.0941     6.7374    7.00736    7.02151     95.954     0.5666     0.2899 1.0000e-12    95.4547     0.1861      8.210   180.9956     10.590    21.2964    21.2964      20.22  1028.1399    28.0947  0.000e+00
     10.458    21.2983    39.8326    28.0945     6.7362    7.00737    7.02152     95.937     0.5666     0.2960 1.0000e-12    95.4275     0.1872      8.210   181.6016     10.527    21.2962    21.2962      20.22  1028.1400    28.0951  0.000e+00
     10.575    21.2976    39.8330    28.0950     6.7311    7.00744    7.02159     95.863     0.5666     0.2899 1.0000e-12    95.4547     0.1861      8.210   181.6016     10.645    21.2954    21.2954      20.22  1028.1411    28.0956  0.000e+00
     10.521    21.2969    39.8330    28.0952     6.7349    7.00752    7.02166     95.916     0.5666     0.2899 1.0000e-12    95.4275     0.1872      8.210   181.6016     10.590    21.2948    21.2948      20.22  1028.1410    28.0957  0.000e+00
     10.521    21.2966    39.8283    28.0917     6.7303    7.00775    7.02189     95.847     0.5666     0.2960 1.0000e-12    95.4275     0.1872      8.210   181.6016     10.590    21.2945    21.2945      20.22  1028.1375    28.0923  0.000e+00
     10.576    21.2966    39.8133    28.0802     6.7304    7.00836    7.02251     95.841     0.5666     0.2899 1.0000e-12    95.4275     0.1872      8.210   181.6016     10.645    21.2945    21.2945      20.22  1028.1263    28.0808  0.000e+00
     10.583    21.2968    39.8257    28.0897     6.7295    7.00783    7.02198     95.835     0.5666     0.2899 1.0000e-12    95.4275     0.1872      8.210   181.6016     10.653    21.2947    21.2947      20.22  1028.1357    28.0903  0.000e+00
     10.576    21.2968    39.8277    28.0912     6.7292    7.00775    7.02190     95.831     0.5666     0.2960 1.0000e-12    95.4275     0.1872      8.210   181.6016     10.645    21.2947    21.2947      20.22  1028.1372    28.0918  0.000e+00
     10.638    21.2965    39.8282    28.0917     6.7246    7.00777    7.02192     95.766     0.5666     0.2899 1.0000e-12    95.4275     0.1872      8.210   180.9956     10.708    21.2943    21.2943      20.20  1028.1380    28.0923  0.000e+00
     10.576    21.2965    39.8323    28.0948     6.7241    7.00760    7.02175     95.761     0.5666     0.2899 1.0000e-12    95.4275     0.1872      8.210   181.6016     10.645    21.2944    21.2944      20.22  1028.1408    28.0954  0.000e+00
     10.638    21.2966    39.8336    28.0958     6.7239    7.00753    7.02167     95.760     0.5666     0.2899 1.0000e-12    95.4275     0.1872      8.210   181.6016     10.708    21.2945    21.2945      20.22  1028.1421    28.0964  0.000e+00
     10.693    21.2965    39.8336    28.0958     6.7242    7.00755    7.02170     95.764     0.5666     0.2899 1.0000e-12    95.4275     0.1872      8.210   181.6016     10.763    21.2943    21.2943      20.22  1028.1423    28.0964  0.000e+00
     10.646    21.2959    39.8335    28.0958     6.7246    7.00762    7.02177     95.768     0.5666     0.2960 1.0000e-12    95.4275     0.1872      8.210   181.6016     10.716    21.2938    21.2938      20.22  1028.1422    28.0964  0.000e+00
     10.693    21.2956    39.8330    28.0956     6.7207    7.00769    7.02183     95.712     0.5666     0.2899 1.0000e-12    95.4275     0.1872      8.210   181.6016     10.763    21.2935    21.2935      20.22  1028.1421    28.0962  0.000e+00
     10.693    21.2950    39.8328    28.0956     6.7212    7.00777    7.02191     95.718     0.5666     0.2899 1.0000e-12    95.4275     0.1872      8.210   181.6016     10.763    21.2929    21.2929      20.22  1028.1421    28.0962  0.000e+00
     10.693    21.2939    39.8334    28.0964     6.7219    7.00788    7.02203     95.725     0.5666     0.2899 1.0000e-12    95.4275     0.1872      8.210   181.6016     10.763    21.2917    21.2917      20.22  1028.1429    28.0970  0.000e+00
     10.693    21.2941    39.8334    28.0963     6.7180    7.00785    7.02200     95.671     0.5544     0.2899 1.0000e-12    95.4275     0.1872      8.210   181.6016     10.763    21.2920    21.2920      20.22  1028.1428    28.0969  0.000e+00
     10.747    21.2939    39.8342    28.0969     6.7186    7.00785    7.02199     95.680     0.5422     0.2838 1.0000e-12    95.4275     0.1872      8.210   181.6016     10.818    21.2918    21.2918      20.22  1028.1437    28.0975  0.000e+00
     10.810    21.2939    39.8340    28.0968     6.7194    7.00785    7.02200     95.691     0.5300     0.2899 1.0000e-12    95.4275     0.1872      8.210   181.6016     10.881    21.2918    21.2918      20.22  1028.1439    28.0974  0.000e+00
     10.755    21.2937    39.8336    28.0965     6.7156    7.00789    7.02204     95.636     0.5300     0.2899 1.0000e-12    95.4275     0.1872      8.210   181.6016     10.826    21.2916    21.2916      20.22  1028.1434    28.0971  0.000e+00
     10.748    21.2929    39.8340    28.0971     6.7162    7.00799    7.02213     95.644     0.5300     0.2899 1.0000e-12    95.4547     0.1861      8.210   181.6016     10.818    21.2907    21.2907      20.22  1028.1439    28.0977  0.000e+00
     10.810    21.2921    39.8328    28.0964     6.7168    7.00813    7.02227     95.651     0.5300     0.2838 1.0000e-12    95.4275     0.1872      8.210   181.6016     10.881    21.2900    21.2900      20.22  1028.1435    28.0970  0.000e+00
     10.810    21.2905    39.8308    28.0953     6.7130    7.00842    7.02256     95.592     0.5300     0.2838 1.0000e-12    95.4275     0.1872      8.210   181.6016     10.881    21.2883    21.2883      20.22  1028.1424    28.0959  0.000e+00
     10.810    21.2894    39.8324    28.0969     6.7133    7.00849    7.02262     95.595     0.5300     0.2899 1.0000e-12    95.4275     0.1872      8.210   181.6016     10.881    21.2873    21.2873      20.22  1028.1439    28.0975  0.000e+00
     10.865    21.2887    39.8334    28.0978     6.7135    7.00853    7.02267     95.597     0.5300     0.2899 1.0000e-12    95.4275     0.1872      8.210   181.6016     10.936    21.2865    21.2865      20.22  1028.1451    28.0984  0.000e+00
     10.873    21.2889    39.8294    28.0947     6.7049    7.00867    7.02281     95.473     0.5300     0.2838 1.0000e-12    95.4275     0.1872      8.210   181.6016     10.944    21.2867    21.2867      20.22  1028.1421    28.0953  0.000e+00
     10.865    21.2890    39.8314    28.0962     6.7044    7.00857    7.02271     95.468     0.5300     0.2838 1.0000e-12    95.4275     0.1872      8.210   181.6016     10.936    21.2869    21.2869      20.22  1028.1435    28.0968  0.000e+00
     10.865    21.2889    39.8338    28.0981     6.7041    7.00849    7.02263     95.465     0.5300     0.2838 1.0000e-12    95.4275     0.1872      8.210   181.6016     10.936    21.2867    21.2867      20.22  1028.1454    28.0987  0.000e+00
     10.865    21.2887    39.8338    28.0981     6.6996    7.00852    7.02266     95.400     0.5300     0.2838 1.0000e-12    95.4275     0.1872      8.210   181.6016     10.936    21.2865    21.2865      20.22  1028.1454    28.0987  0.000e+00
     10.982    21.2883    39.8317    28.0966     6.6994    7.00865    7.02279     95.396     0.5300     0.2777 1.0000e-12    95.4275     0.1872      8.210   181.6016     11.054    21.2861    21.2861      20.22  1028.1444    28.0972  0.000e+00
     10.927    21.2878    39.8329    28.0977     6.6946    7.00867    7.02281     95.327     0.5300     0.2899 1.0000e-12    95.4275     0.1872      8.210   181.6016     10.999    21.2856    21.2856      20.22  1028.1453    28.0983  0.000e+00
     10.927    21.2871    39.8343    28.0990     6.6943    7.00870    7.02284     95.322     0.5300     0.2838 1.0000e-12    95.4275     0.1872      8.210   181.6016     10.999    21.2849    21.2849      20.22  1028.1465    28.0996  0.000e+00
     10.990    21.2874    39.8343    28.0989     6.6894    7.00865    7.02279     95.252     0.5300     0.2838 1.0000e-12    95.4547     0.1861      8.210   181.6016     11.062    21.2852    21.2852      20.22  1028.1467    28.0995  0.000e+00
     10.982    21.2876    39.8345    28.0989     6.6933    7.00863    7.02276     95.308     0.5300     0.2838 1.0000e-12    95.4275     0.1872      8.210   181.6016     11.054    21.2854    21.2854      20.22  1028.1468    28.0996  0.000e+00
     10.982    21.2878    39.8344    28.0989     6.6886    7.00861    7.02274     95.242     0.5300     0.2777 1.0000e-12    95.4275     0.1872      8.210   181.6016     11.054    21.2856    21.2856      20.22  1028.1467    28.0995  0.000e+00
     11.037    21.2876    39.8340    28.0986     6.6837    7.00865    7.02278     95.171     0.5300     0.2838 1.0000e-12    95.4275     0.1872      8.210   181.6016     11.109    21.2854    21.2854      20.22  1028.1466    28.0992  0.000e+00
     11.037    21.2869    39.8337    28.0985     6.6832    7.00875    7.02288     95.163     0.5300     0.2838 1.0000e-12    95.4275     0.1872      8.210   181.6016     11.109    21.2847    21.2847      20.22  1028.1466    28.0991  0.000e+00
     11.037    21.2851    39.8340    28.0993     6.6784    7.00896    7.02310     95.092     0.5300     0.2838 1.0000e-12    95.4275     0.1872      8.210   181.6016     11.109    21.2829    21.2829      20.22  1028.1473    28.0999  0.000e+00
     11.037    21.2842    39.8341    28.0996     6.6825    7.00907    7.02320     95.149     0.5300     0.2838 1.0000e-12    95.4004     0.1884      8.210   181.6016     11.109    21.2820    21.2820      20.22  1028.1477    28.1003  0.000e+00
     11.045    21.2833    39.8346    28.1003     6.6780    7.00917    7.02330     95.083     0.5300     0.2838 1.0000e-12    95.4004     0.1884      8.210   181.6016     11.117    21.2811    21.2811      20.22  1028.1484    28.1009  0.000e+00
     11.099    21.2827    39.8347    28.1005     6.6824    7.00923    7.02336     95.145     0.5300     0.2899 1.0000e-12    95.3732     0.1895      8.210   181.6016     11.172    21.2805    21.2805      20.22  1028.1488    28.1011  0.000e+00
     11.099    21.2826    39.8351    28.1008     6.6778    7.00923    7.02337     95.080     0.5300     0.2777 1.0000e-12    95.3732     0.1895      8.210   181.6016     11.172    21.2804    21.2804      20.22  1028.1491    28.1014  0.000e+00
     11.099    21.2827    39.8353    28.1009     6.6773    7.00920    7.02334     95.074     0.5300     0.2899 1.0000e-12    95.3732     0.1895      8.210   181.6016     11.172    21.2805    21.2805      20.22  1028.1492    28.1015  0.000e+00
     11.154    21.2831    39.8353    28.1008     6.6773    7.00916    7.02329     95.074     0.5422     0.2838 1.0000e-12    95.3732     0.1895      8.210   181.6016     11.227    21.2809    21.2809      20.22  1028.1494    28.1015  0.000e+00
     11.154    21.2829    39.8347    28.1004     6.6772    7.00921    7.02334     95.072     0.5544     0.2777 1.0000e-12    95.3732     0.1895      8.210   181.6016     11.227    21.2807    21.2807      20.22  1028.1490    28.1011  0.000e+00
     11.154    21.2818    39.8349    28.1009     6.6726    7.00933    7.02347     95.005     0.5666     0.2716 1.0000e-12    95.3732     0.1895      8.210   181.6016     11.227    21.2796    21.2796      20.22  1028.1495    28.1015  0.000e+00
     11.224    21.2813    39.8344    28.1006     6.6724    7.00942    7.02355     95.001     0.5666     0.2716 1.0000e-12    95.3732     0.1895      8.210   181.6016     11.298    21.2791    21.2791      20.22  1028.1495    28.1013  0.000e+00
     11.154    21.2798    39.8354    28.1019     6.6768    7.00956    7.02369     95.062     0.5666     0.2838 1.0000e-12    95.3732     0.1895      8.210   181.6016     11.227    21.2776    21.2776      20.22  1028.1504    28.1025  0.000e+00
