Data/RVJanan08402.cnv
* Sea-Bird SBE 9 Data File:
* FileName = C:\CruiseData\CTD911\RVJanan084\Hex\RVJanan08402.hex
* Software Version Seasave V 7.26.7.121
* Temperature SN = 5958
* Conductivity SN = 3674
* Number of Bytes Per Scan = 37
* Number of Voltage Words = 4
* Number of Scans Averaged by the Deck Unit = 1
* NMEA Latitude = 25 42.93 N
* NMEA Longitude = 052 36.08 E
* NMEA UTC (Time) = Mar 07 2020  08:50:23
* NMEA baud rate = 4800
** Ship: R/V JANAN
** Cruise: NPRP10Restore04-March2020
** Station: FashtEHalul
** Bottom Depth [m]: 44
** Operator: MD
# nquan = 22
# nvalues = 5582                                  
# units = specified
# name 0 = depSM: Depth [salt water, m]
# name 1 = t090C: Temperature [ITS-90, deg C]
# name 2 = sal00: Salinity, Practical [PSU]
# name 3 = sigma-t00: Density [sigma-t, kg/m^3 ]
# name 4 = sbeox0Mg/L: Oxygen, SBE 43 [mg/l]
# name 5 = oxsatMg/L: Oxygen Saturation, Weiss [mg/l]
# name 6 = oxsolMg/L: Oxygen Saturation, Garcia & Gordon [mg/l]
# name 7 = sbeox0PS: Oxygen, SBE 43 [% saturation]
# name 8 = flECO-AFL: Fluorescence, WET Labs ECO-AFL/FL [mg/m^3]
# name 9 = turbWETntu0: Turbidity, WET Labs ECO [NTU]
# name 10 = par: PAR/Irradiance, Biospherical/Licor
# name 11 = xmiss: Beam Transmission, Chelsea/Seatech [%]
# name 12 = bat: Beam Attenuation, Chelsea/Seatech [1/m]
# name 13 = ph: pH
# name 14 = orp: Oxidation Reduction Potential [mV]
# name 15 = prDM: Pressure, Digiquartz [db]
# name 16 = potemp090C: Potential Temperature [ITS-90, deg C]
# name 17 = pta090C: Potential Temperature Anomaly [ITS-90, deg C], a0 = 0, a1 = 0
# name 18 = ptempC: Pressure Temperature [deg C]
# name 19 = density00: Density [density, kg/m^3]
# name 20 = sigma-é00: Density [sigma-theta, kg/m^3]
# name 21 = flag:  0.000e+00
# span 0 =     -0.169,     43.877                 
# span 1 =    20.5504,    22.0312                 
# span 2 =     2.8250,    40.4442                 
# span 3 =     0.0409,    28.7693                 
# span 4 =     6.2122,     8.4956                 
# span 5 =    6.91687,    8.68348                 
# span 6 =    6.93159,    8.70094                 
# span 7 =     87.621,     98.046                 
# span 8 =    -0.0561,    49.3700                 
# span 9 =    -0.1252,     1.2728                 
# span 10 = 1.0000e-12, 1.0000e-12                
# span 11 =    86.2461,   102.3000                
# span 12 =    -0.0910,     0.5919                
# span 13 =      8.154,      8.215                
# span 14 =   176.7537,   196.1452                
# span 15 =     -0.170,     44.168                
# span 16 =    20.5427,    22.0312                
# span 17 =    20.5427,    22.0312                
# span 18 =      20.19,      20.32                
# span 19 =  1000.0410,  1028.9598                
# span 20 =     0.0409,    28.7717                
# span 21 = 0.0000e+00, 0.0000e+00                
# interval = seconds: 0.0416667
# start_time = Mar 07 2020 08:50:23 [NMEA time, header]
# bad_flag = -9.990e-29
*END*
[from data line 1054]
     13.351    21.2338    39.8719    28.1426     6.6824    7.01384    7.02792     95.084     0.6398     0.2960 1.0000e-12    95.4818     0.1849      8.206   182.2075     13.438    21.2312    21.2312      20.22  1028.2008    28.1434  0.000e+00
     13.351    21.2335    39.8718    28.1427     6.6823    7.01389    7.02797     95.081     0.6398     0.2960 1.0000e-12    95.4818     0.1849      8.206   182.2075     13.438    21.2308    21.2308      20.22  1028.2008    28.1434  0.000e+00
     13.406    21.2337    39.8717    28.1425     6.6821    7.01387    7.02795     95.079     0.6398     0.3021 1.0000e-12    95.4818     0.1849      8.206   182.2075     13.493    21.2310    21.2310      20.22  1028.2009    28.1433  0.000e+00
     13.351    21.2333    39.8719    28.1427     6.6819    7.01391    7.02799     95.076     0.6398     0.3021 1.0000e-12    95.4818     0.1849      8.206   182.8135     13.438    21.2307    21.2307      20.22  1028.2009    28.1435  0.000e+00
     13.406    21.2335    39.8713    28.1423     6.6773    7.01391    7.02799     95.009     0.6398     0.2960 1.0000e-12    95.4547     0.1861      8.206   182.2075     13.493    21.2308    21.2308      20.22  1028.2006    28.1430  0.000e+00
     13.406    21.2331    39.8724    28.1432     6.6768    7.01391    7.02800     95.004     0.6398     0.2960 1.0000e-12    95.4818     0.1849      8.206   182.2075     13.493    21.2304    21.2304      20.22  1028.2016    28.1440  0.000e+00
     13.460    21.2332    39.8723    28.1431     6.6810    7.01390    7.02798     95.063     0.6398     0.2960 1.0000e-12    95.4818     0.1849      8.206   182.2075     13.549    21.2306    21.2306      20.22  1028.2017    28.1438  0.000e+00
     13.460    21.2331    39.8726    28.1433     6.6766    7.01390    7.02799     95.000     0.6398     0.2960 1.0000e-12    95.4818     0.1849      8.206   182.2075     13.549    21.2304    21.2304      20.22  1028.2020    28.1441  0.000e+00
     13.476    21.2331    39.8724    28.1432     6.6808    7.01391    7.02800     95.060     0.6398     0.2960 1.0000e-12    95.4547     0.1861      8.206   182.2075     13.564    21.2304    21.2304      20.22  1028.2019    28.1440  0.000e+00
     13.460    21.2329    39.8724    28.1432     6.6762    7.01394    7.02802     94.994     0.6398     0.2899 1.0000e-12    95.4818     0.1849      8.206   182.2075     13.549    21.2303    21.2303      20.22  1028.2018    28.1440  0.000e+00
     13.460    21.2329    39.8724    28.1433     6.6756    7.01393    7.02802     94.986     0.6398     0.2960 1.0000e-12    95.4818     0.1849      8.206   182.2075     13.549    21.2303    21.2303      20.22  1028.2019    28.1440  0.000e+00
     13.523    21.2331    39.8723    28.1431     6.6798    7.01392    7.02800     95.046     0.6398     0.2960 1.0000e-12    95.4818     0.1849      8.206   182.2075     13.611    21.2304    21.2304      20.22  1028.2020    28.1439  0.000e+00
     13.578    21.2326    39.8725    28.1434     6.6799    7.01398    7.02806     95.046     0.6398     0.2960 1.0000e-12    95.4818     0.1849      8.206   182.2075     13.667    21.2299    21.2299      20.22  1028.2025    28.1442  0.000e+00
     13.523    21.2327    39.8723    28.1432     6.6795    7.01397    7.02805     95.041     0.6398     0.2899 1.0000e-12    95.4818     0.1849      8.206   182.2075     13.611    21.2300    21.2300      20.22  1028.2021    28.1440  0.000e+00
     13.578    21.2326    39.8724    28.1434     6.6796    7.01398    7.02806     95.041     0.6398     0.3021 1.0000e-12    95.4818     0.1849      8.206   182.2075     13.667    21.2299    21.2299      20.22  1028.2025    28.1441  0.000e+00
     13.578    21.2324    39.8726    28.1435     6.6838    7.01399    7.02808     95.101     0.6398     0.3021 1.0000e-12    95.4547     0.1861      8.206   182.2075     13.667    21.2297    21.2297      20.22  1028.2026    28.1443  0.000e+00
     13.578    21.2324    39.8726    28.1435     6.6837    7.01399    7.02808     95.100     0.6398     0.3021 1.0000e-12    95.4818     0.1849      8.206   182.2075     13.667    21.2297    21.2297      20.22  1028.2026    28.1443  0.000e+00
     13.640    21.2326    39.8724    28.1433     6.6840    7.01398    7.02806     95.104     0.6398     0.2960 1.0000e-12    95.4818     0.1849      8.206   182.2075     13.729    21.2299    21.2299      20.22  1028.2027    28.1441  0.000e+00
     13.640    21.2326    39.8724    28.1433     6.6844    7.01398    7.02806     95.110     0.6398     0.2960 1.0000e-12    95.4547     0.1861      8.206   182.2075     13.730    21.2299    21.2299      20.22  1028.2027    28.1441  0.000e+00
     13.648    21.2327    39.8722    28.1432     6.6891    7.01397    7.02805     95.178     0.6398     0.3021 1.0000e-12    95.4818     0.1849      8.206   182.2075     13.737    21.2300    21.2300      20.22  1028.2026    28.1440  0.000e+00
     13.640    21.2328    39.8725    28.1434     6.6848    7.01395    7.02804     95.116     0.6398     0.2899 1.0000e-12    95.5362     0.1827      8.206   182.8135     13.730    21.2300    21.2300      20.22  1028.2027    28.1441  0.000e+00
     13.695    21.2329    39.8718    28.1428     6.6895    7.01396    7.02804     95.183     0.6398     0.3021 1.0000e-12    95.5633     0.1815      8.206   182.2075     13.785    21.2302    21.2302      20.22  1028.2025    28.1436  0.000e+00
     13.640    21.2326    39.8722    28.1432     6.6899    7.01398    7.02807     95.189     0.6398     0.2960 1.0000e-12    95.5362     0.1827      8.210   182.2075     13.730    21.2299    21.2299      20.22  1028.2026    28.1440  0.000e+00
     13.695    21.2324    39.8727    28.1436     6.6904    7.01399    7.02807     95.195     0.6398     0.2960 1.0000e-12    95.5362     0.1827      8.206   182.8135     13.785    21.2297    21.2297      20.22  1028.2033    28.1444  0.000e+00
     13.749    21.2320    39.8729    28.1439     6.6954    7.01402    7.02811     95.266     0.6398     0.2960 1.0000e-12    95.5362     0.1827      8.206   182.2075     13.840    21.2293    21.2293      20.22  1028.2037    28.1446  0.000e+00
     13.750    21.2319    39.8730    28.1440     6.6960    7.01404    7.02812     95.275     0.6398     0.3021 1.0000e-12    95.5362     0.1827      8.206   182.8135     13.840    21.2291    21.2291      20.22  1028.2039    28.1448  0.000e+00
     13.750    21.2318    39.8725    28.1437     6.6922    7.01407    7.02816     95.220     0.6398     0.3021 1.0000e-12    95.5362     0.1827      8.206   182.2075     13.840    21.2291    21.2291      20.22  1028.2035    28.1444  0.000e+00
     13.750    21.2306    39.8729    28.1443     6.6972    7.01421    7.02829     95.289     0.6398     0.3021 1.0000e-12    95.5362     0.1827      8.206   182.8135     13.840    21.2279    21.2279      20.22  1028.2041    28.1450  0.000e+00
     13.750    21.2286    39.8740    28.1457     6.6935    7.01441    7.02849     95.233     0.6398     0.3021 1.0000e-12    95.5362     0.1827      8.210   182.2075     13.840    21.2259    21.2259      20.22  1028.2055    28.1464  0.000e+00
     13.812    21.2274    39.8749    28.1468     6.6942    7.01453    7.02861     95.242     0.6398     0.3021 1.0000e-12    95.5362     0.1827      8.206   182.2075     13.903    21.2246    21.2246      20.22  1028.2069    28.1475  0.000e+00
     13.820    21.2274    39.8746    28.1465     6.6946    7.01454    7.02862     95.247     0.6398     0.3082 1.0000e-12    95.5633     0.1815      8.206   182.8135     13.910    21.2246    21.2246      20.23  1028.2067    28.1473  0.000e+00
     13.812    21.2270    39.8751    28.1470     6.6904    7.01457    7.02864     95.187     0.6398     0.2960 1.0000e-12    95.5362     0.1827      8.206   182.2075     13.903    21.2243    21.2243      20.22  1028.2071    28.1478  0.000e+00
     13.812    21.2263    39.8753    28.1473     6.6905    7.01464    7.02872     95.188     0.6398     0.3021 1.0000e-12    95.5362     0.1827      8.206   182.2075     13.903    21.2236    21.2236      20.22  1028.2075    28.1481  0.000e+00
     13.867    21.2250    39.8761    28.1483     6.6953    7.01478    7.02885     95.254     0.6398     0.3021 1.0000e-12    95.5362     0.1827      8.206   182.2075     13.958    21.2222    21.2222      20.22  1028.2087    28.1491  0.000e+00
     13.867    21.2241    39.8766    28.1489     6.6912    7.01487    7.02895     95.194     0.6398     0.3021 1.0000e-12    95.5633     0.1815      8.206   182.8135     13.958    21.2214    21.2214      20.22  1028.2093    28.1497  0.000e+00
     13.929    21.2236    39.8768    28.1493     6.6958    7.01493    7.02900     95.260     0.6398     0.3082 1.0000e-12    95.5362     0.1827      8.206   182.2075     14.021    21.2208    21.2208      20.22  1028.2099    28.1501  0.000e+00
     13.867    21.2230    39.8772    28.1497     6.6916    7.01498    7.02906     95.200     0.6398     0.3082 1.0000e-12    95.5362     0.1827      8.206   182.8135     13.958    21.2203    21.2203      20.22  1028.2101    28.1505  0.000e+00
     13.929    21.2215    39.8777    28.1505     6.6922    7.01516    7.02923     95.205     0.6398     0.3021 1.0000e-12    95.5362     0.1827      8.206   182.8135     14.021    21.2187    21.2187      20.22  1028.2112    28.1513  0.000e+00
     13.929    21.2203    39.8782    28.1512     6.6881    7.01528    7.02935     95.145     0.6398     0.3021 1.0000e-12    95.5362     0.1827      8.206   182.2075     14.021    21.2176    21.2176      20.22  1028.2119    28.1520  0.000e+00
     13.929    21.2199    39.8791    28.1520     6.6882    7.01529    7.02936     95.147     0.6398     0.3082 1.0000e-12    95.5362     0.1827      8.206   182.2075     14.021    21.2172    21.2172      20.22  1028.2126    28.1528  0.000e+00
     13.984    21.2203    39.8785    28.1515     6.6928    7.01526    7.02934     95.213     0.6398     0.3021 1.0000e-12    95.5362     0.1827      8.206   182.8135     14.076    21.2176    21.2176      20.22  1028.2124    28.1523  0.000e+00
     13.984    21.2203    39.8787    28.1516     6.6929    7.01526    7.02933     95.214     0.6398     0.3082 1.0000e-12    95.5633     0.1815      8.206   182.8135     14.076    21.2176    21.2176      20.22  1028.2125    28.1524  0.000e+00
     13.937    21.2199    39.8784    28.1515     6.6885    7.01532    7.02939     95.151     0.6398     0.3082 1.0000e-12    95.5362     0.1827      8.206   182.8135     14.029    21.2172    21.2172      20.22  1028.2121    28.1522  0.000e+00
     14.039    21.2195    39.8785    28.1517     6.6838    7.01538    7.02945     95.083     0.6398     0.3082 1.0000e-12    95.5633     0.1815      8.206   182.8135     14.131    21.2167    21.2167      20.22  1028.2128    28.1525  0.000e+00
     14.039    21.2192    39.8790    28.1521     6.6832    7.01538    7.02945     95.074     0.6398     0.3021 1.0000e-12    95.5362     0.1827      8.206   182.8135     14.131    21.2165    21.2165      20.22  1028.2133    28.1529  0.000e+00
     14.039    21.2189    39.8791    28.1523     6.6828    7.01542    7.02949     95.069     0.6398     0.3021 1.0000e-12    95.5633     0.1815      8.206   182.2075     14.131    21.2161    21.2161      20.22  1028.2135    28.1531  0.000e+00
     13.984    21.2187    39.8792    28.1525     6.6825    7.01544    7.02951     95.063     0.6398     0.2960 1.0000e-12    95.5362     0.1827      8.206   182.8135     14.076    21.2159    21.2159      20.22  1028.2134    28.1533  0.000e+00
     14.101    21.2183    39.8792    28.1525     6.6820    7.01549    7.02956     95.056     0.6398     0.3082 1.0000e-12    95.5633     0.1815      8.211   182.2075     14.194    21.2155    21.2155      20.22  1028.2139    28.1533  0.000e+00
     14.039    21.2178    39.8796    28.1530     6.6815    7.01553    7.02960     95.048     0.6398     0.3021 1.0000e-12    95.5362     0.1827      8.206   182.2075     14.131    21.2151    21.2151      20.22  1028.2141    28.1538  0.000e+00
     14.101    21.2174    39.8794    28.1530     6.6810    7.01559    7.02966     95.040     0.6398     0.3021 1.0000e-12    95.5633     0.1815      8.206   182.8135     14.194    21.2146    21.2146      20.22  1028.2144    28.1538  0.000e+00
     14.101    21.2171    39.8796    28.1532     6.6805    7.01563    7.02970     95.033     0.6398     0.3021 1.0000e-12    95.5633     0.1815      8.206   182.2075     14.194    21.2143    21.2143      20.22  1028.2146    28.1540  0.000e+00
     14.156    21.2165    39.8801    28.1537     6.6801    7.01568    7.02975     95.026     0.6398     0.3021 1.0000e-12    95.5362     0.1827      8.206   182.8135     14.249    21.2137    21.2137      20.22  1028.2154    28.1545  0.000e+00
     14.156    21.2167    39.8801    28.1537     6.6795    7.01565    7.02972     95.018     0.6398     0.3082 1.0000e-12    95.5633     0.1815      8.206   182.8135     14.249    21.2139    21.2139      20.22  1028.2154    28.1545  0.000e+00
     14.156    21.2167    39.8797    28.1534     6.6787    7.01567    7.02974     95.007     0.6276     0.3021 1.0000e-12    95.5362     0.1827      8.206   182.8135     14.249    21.2139    21.2139      20.22  1028.2151    28.1542  0.000e+00
     14.109    21.2163    39.8799    28.1536     6.6780    7.01571    7.02978     94.995     0.6154     0.3082 1.0000e-12    95.5633     0.1815      8.206   182.8135     14.202    21.2135    21.2135      20.22  1028.2151    28.1544  0.000e+00
     14.219    21.2145    39.8804    28.1545     6.6778    7.01592    7.02998     94.990     0.6154     0.3021 1.0000e-12    95.5362     0.1827      8.211   182.8135     14.312    21.2117    21.2117      20.22  1028.2164    28.1553  0.000e+00
     14.219    21.2122    39.8814    28.1559     6.6772    7.01617    7.03023     94.979     0.6154     0.3021 1.0000e-12    95.5633     0.1815      8.206   182.8135     14.312    21.2094    21.2094      20.22  1028.2179    28.1567  0.000e+00
     14.219    21.2102    39.8830    28.1578     6.6724    7.01635    7.03042     94.908     0.6154     0.2960 1.0000e-12    95.5633     0.1815      8.206   182.8135     14.312    21.2074    21.2074      20.23  1028.2197    28.1586  0.000e+00
     14.219    21.2091    39.8833    28.1583     6.6761    7.01647    7.03053     94.958     0.6154     0.3021 1.0000e-12    95.5633     0.1815      8.206   182.8135     14.312    21.2063    21.2063      20.22  1028.2202    28.1591  0.000e+00
     14.219    21.2090    39.8839    28.1588     6.6708    7.01647    7.03053     94.883     0.6154     0.3021 1.0000e-12    95.5362     0.1827      8.206   182.8135     14.312    21.2062    21.2062      20.22  1028.2207    28.1596  0.000e+00
     14.273    21.2095    39.8839    28.1586     6.6701    7.01641    7.03047     94.874     0.6154     0.3021 1.0000e-12    95.6448     0.1781      8.206   182.8135     14.367    21.2067    21.2067      20.22  1028.2208    28.1594  0.000e+00
     14.273    21.2104    39.8838    28.1582     6.6737    7.01630    7.03036     94.928     0.6154     0.3021 1.0000e-12    95.6992     0.1758      8.206   182.8135     14.367    21.2076    21.2076      20.22  1028.2204    28.1590  0.000e+00
     14.328    21.2106    39.8834    28.1580     6.6643    7.01629    7.03035     94.794     0.6154     0.3021 1.0000e-12    95.6992     0.1758      8.206   182.8135     14.422    21.2078    21.2078      20.22  1028.2203    28.1588  0.000e+00
     14.273    21.2108    39.8832    28.1578     6.6634    7.01627    7.03034     94.780     0.6154     0.3082 1.0000e-12    95.6992     0.1758      8.206   182.8135     14.367    21.2079    21.2079      20.22  1028.2199    28.1585  0.000e+00
     14.328    21.2104    39.8832    28.1578     6.6628    7.01632    7.03038     94.772     0.6154     0.2960 1.0000e-12    95.6992     0.1758      8.206   182.8135     14.422    21.2076    21.2076      20.22  1028.2202    28.1586  0.000e+00
