Data/RVJanan08102.cnv
* Sea-Bird SBE 9 Data File:
* FileName = C:\CruiseData\CTD911\RVJanan081\Hex\RVJanan08102.hex
* Software Version Seasave V 7.26.7.121
* Temperature SN = 5958
* Conductivity SN = 3674
* Number of Bytes Per Scan = 37
* Number of Voltage Words = 4
* Number of Scans Averaged by the Deck Unit = 1
* NMEA Latitude = 26 30.50 N
* NMEA Longitude = 051 17.22 E
* NMEA UTC (Time) = Jan 18 2020  05:54:29
* NMEA baud rate = 4800
** Ship: R/V JANAN
** Cruise: NPRP10Restore03-Jan20
** Station: Umm Al-Arshan
** Bottom Depth [m]: 20
** Operator: MD
# nquan = 22
# nvalues = 3210                                  
# units = specified
# name 0 = depSM: Depth [salt water, m]
# name 1 = t090C: Temperature [ITS-90, deg C]
# name 2 = sal00: Salinity, Practical [PSU]
# name 3 = sigma-t00: Density [sigma-t, kg/m^3 ]
# name 4 = sbeox0Mg/L: Oxygen, SBE 43 [mg/l]
# name 5 = oxsatMg/L: Oxygen Saturation, Weiss [mg/l]
# name 6 = oxsolMg/L: Oxygen Saturation, Garcia & Gordon [mg/l]
# name 7 = sbeox0PS: Oxygen, SBE 43 [% saturation]
# name 8 = flECO-AFL: Fluorescence, WET Labs ECO-AFL/FL [mg/m^3]
# name 9 = turbWETntu0: Turbidity, WET Labs ECO [NTU]
# name 10 = par: PAR/Irradiance, Biospherical/Licor
# name 11 = xmiss: Beam Transmission, Chelsea/Seatech [%]
# name 12 = bat: Beam Attenuation, Chelsea/Seatech [1/m]
# name 13 = ph: pH
# name 14 = orp: Oxidation Reduction Potential [mV]
# name 15 = prDM: Pressure, Digiquartz [db]
# name 16 = potemp090C: Potential Temperature [ITS-90, deg C]
# name 17 = pta090C: Potential Temperature Anomaly [ITS-90, deg C], a0 = 0, a1 = 0
# name 18 = ptempC: Pressure Temperature [deg C]
# name 19 = density00: Density [density, kg/m^3]
# name 20 = sigma-é00: Density [sigma-theta, kg/m^3]
# name 21 = flag:  0.000e+00
# span 0 =      0.033,     19.066                 
# span 1 =    20.5820,    21.3523                 
# span 2 =     2.4338,    40.4387                 
# span 3 =    -0.1406,    28.6508                 
# span 4 =     6.4129,     8.3461                 
# span 5 =    6.97882,    8.78398                 
# span 6 =    6.99290,    8.80110                 
# span 7 =     91.116,     95.916                 
# span 8 =    -0.2637,     0.9207                 
# span 9 =    -0.3450,    24.6550                 
# span 10 = 1.0000e-12, 1.0000e-12                
# span 11 =    78.5386,    92.3140                
# span 12 =     0.3199,     0.9663                
# span 13 =      8.084,      8.119                
# span 14 =   263.4093,   271.8930                
# span 15 =      0.033,     19.193                
# span 16 =    20.5819,    21.3523                
# span 17 =    20.5819,    21.3523                
# span 18 =      18.80,      18.86                
# span 19 =   999.8601,  1028.7314                
# span 20 =    -0.1406,    28.6517                
# span 21 = 0.0000e+00, 0.0000e+00                
# interval = seconds: 0.0416667
# start_time = Jan 18 2020 05:54:29 [NMEA time, header]
# bad_flag = -9.990e-29
*END*
[from data line 659]
      6.664    21.3447    40.3673    28.4894     6.6647    6.97969    6.99376     95.295     0.3956     0.5524 1.0000e-12    92.2599     0.3222      8.096   265.2272      6.708    21.3434    21.3434      18.82  1028.5184    28.4898  0.000e+00
      6.656    21.3444    40.3678    28.4899     6.6692    6.97971    6.99379     95.359     0.3834     0.5524 1.0000e-12    92.1246     0.3281      8.096   265.2272      6.700    21.3431    21.3431      18.81  1028.5188    28.4903  0.000e+00
      6.773    21.3445    40.3675    28.4896     6.6651    6.97971    6.99378     95.301     0.3834     0.5524 1.0000e-12    92.0704     0.3305      8.096   265.2272      6.818    21.3432    21.3432      18.81  1028.5191    28.4900  0.000e+00
      6.656    21.3445    40.3673    28.4895     6.6653    6.97971    6.99379     95.303     0.3834     0.5524 1.0000e-12    92.0704     0.3305      8.092   265.2272      6.700    21.3432    21.3432      18.82  1028.5185    28.4899  0.000e+00
      6.711    21.3440    40.3676    28.4898     6.6655    6.97976    6.99384     95.305     0.3834     0.5524 1.0000e-12    92.0704     0.3305      8.096   265.2272      6.755    21.3427    21.3427      18.82  1028.5190    28.4902  0.000e+00
      6.773    21.3442    40.3675    28.4898     6.6658    6.97975    6.99382     95.310     0.3834     0.5524 1.0000e-12    92.0704     0.3305      8.092   265.2272      6.818    21.3428    21.3428      18.81  1028.5192    28.4902  0.000e+00
      6.773    21.3440    40.3679    28.4901     6.6707    6.97976    6.99383     95.379     0.3834     0.5585 1.0000e-12    92.0704     0.3305      8.096   265.2272      6.818    21.3426    21.3426      18.82  1028.5196    28.4905  0.000e+00
      6.828    21.3442    40.3679    28.4900     6.6710    6.97973    6.99381     95.385     0.3834     0.5585 1.0000e-12    92.0704     0.3305      8.092   265.2272      6.873    21.3428    21.3428      18.82  1028.5198    28.4904  0.000e+00
      6.773    21.3440    40.3682    28.4903     6.6671    6.97974    6.99381     95.329     0.3834     0.5463 1.0000e-12    92.0704     0.3305      8.092   265.2272      6.818    21.3427    21.3427      18.82  1028.5198    28.4907  0.000e+00
      6.836    21.3447    40.3674    28.4895     6.6675    6.97968    6.99376     95.335     0.3834     0.5463 1.0000e-12    92.0704     0.3305      8.092   265.2272      6.881    21.3434    21.3434      18.82  1028.5193    28.4899  0.000e+00
      6.828    21.3449    40.3668    28.4890     6.6676    6.97968    6.99376     95.337     0.3834     0.5463 1.0000e-12    92.0704     0.3305      8.096   265.2272      6.873    21.3435    21.3435      18.82  1028.5187    28.4894  0.000e+00
      6.883    21.3442    40.3672    28.4895     6.6721    6.97976    6.99384     95.400     0.3712     0.5524 1.0000e-12    92.0704     0.3305      8.096   265.2272      6.928    21.3428    21.3428      18.81  1028.5194    28.4899  0.000e+00
      6.883    21.3444    40.3671    28.4894     6.6633    6.97974    6.99381     95.274     0.3834     0.5463 1.0000e-12    92.0704     0.3305      8.092   265.2272      6.928    21.3430    21.3430      18.81  1028.5193    28.4898  0.000e+00
      6.883    21.3451    40.3672    28.4893     6.6718    6.97965    6.99372     95.397     0.3834     0.5463 1.0000e-12    92.0704     0.3305      8.092   265.2272      6.928    21.3437    21.3437      18.82  1028.5192    28.4896  0.000e+00
      6.891    21.3451    40.3673    28.4893     6.6722    6.97964    6.99372     95.403     0.4079     0.4975 1.0000e-12    92.0704     0.3305      8.096   265.2272      6.936    21.3437    21.3437      18.81  1028.5193    28.4897  0.000e+00
      6.945    21.3451    40.3672    28.4893     6.6729    6.97965    6.99372     95.412     0.4201     0.4792 1.0000e-12    92.0704     0.3305      8.092   265.2272      6.991    21.3437    21.3437      18.81  1028.5195    28.4897  0.000e+00
      6.945    21.3451    40.3670    28.4891     6.6688    6.97965    6.99373     95.354     0.4201     0.4731 1.0000e-12    92.0704     0.3305      8.092   265.2272      6.991    21.3437    21.3437      18.81  1028.5194    28.4895  0.000e+00
      6.945    21.3442    40.3669    28.4893     6.6736    6.97977    6.99385     95.421     0.4201     0.4792 1.0000e-12    92.0704     0.3305      8.096   265.2272      6.991    21.3428    21.3428      18.82  1028.5195    28.4897  0.000e+00
      6.953    21.3422    40.3666    28.4896     6.6743    6.98003    6.99410     95.427     0.4201     0.4792 1.0000e-12    92.0704     0.3305      8.096   265.2272      6.999    21.3408    21.3408      18.81  1028.5199    28.4900  0.000e+00
      7.000    21.3400    40.3673    28.4908     6.6750    6.98027    6.99435     95.434     0.4201     0.4792 1.0000e-12    92.0704     0.3305      8.092   265.2272      7.046    21.3386    21.3386      18.82  1028.5213    28.4912  0.000e+00
      7.000    21.3390    40.3682    28.4918     6.6755    6.98036    6.99443     95.440     0.4201     0.4792 1.0000e-12    92.0434     0.3316      8.096   265.2272      7.046    21.3376    21.3376      18.81  1028.5222    28.4922  0.000e+00
      7.000    21.3398    40.3687    28.4919     6.6755    6.98024    6.99431     95.442     0.4201     0.4792 1.0000e-12    91.9893     0.3340      8.096   265.2272      7.046    21.3384    21.3384      18.82  1028.5223    28.4923  0.000e+00
      7.062    21.3407    40.3684    28.4914     6.6711    6.98014    6.99421     95.380     0.4201     0.4731 1.0000e-12    91.9622     0.3352      8.096   265.2272      7.109    21.3393    21.3393      18.81  1028.5221    28.4918  0.000e+00
      7.062    21.3411    40.3677    28.4907     6.6755    6.98012    6.99420     95.443     0.4201     0.4792 1.0000e-12    91.9622     0.3352      8.092   265.2272      7.109    21.3397    21.3397      18.82  1028.5215    28.4911  0.000e+00
      7.062    21.3411    40.3682    28.4911     6.6758    6.98010    6.99417     95.448     0.4201     0.4792 1.0000e-12    91.9622     0.3352      8.096   265.2272      7.109    21.3397    21.3397      18.82  1028.5219    28.4915  0.000e+00
      7.062    21.3411    40.3681    28.4910     6.6762    6.98011    6.99418     95.454     0.4201     0.4792 1.0000e-12    91.9622     0.3352      8.096   265.2272      7.109    21.3397    21.3397      18.82  1028.5218    28.4914  0.000e+00
      7.062    21.3409    40.3680    28.4910     6.6766    6.98013    6.99421     95.459     0.4201     0.4731 1.0000e-12    91.9622     0.3352      8.096   265.2272      7.109    21.3395    21.3395      18.81  1028.5217    28.4914  0.000e+00
      7.180    21.3402    40.3667    28.4902     6.6725    6.98028    6.99435     95.399     0.4201     0.4731 1.0000e-12    91.9622     0.3352      8.096   265.2272      7.227    21.3387    21.3387      18.82  1028.5215    28.4906  0.000e+00
      7.117    21.3383    40.3672    28.4912     6.6771    6.98050    6.99457     95.461     0.4201     0.4853 1.0000e-12    91.9622     0.3352      8.092   265.2272      7.164    21.3368    21.3368      18.82  1028.5222    28.4916  0.000e+00
      7.117    21.3369    40.3675    28.4918     6.6729    6.98065    6.99472     95.399     0.4201     0.4792 1.0000e-12    91.9622     0.3352      8.092   265.2272      7.164    21.3355    21.3355      18.81  1028.5228    28.4922  0.000e+00
      7.172    21.3368    40.3678    28.4920     6.6773    6.98066    6.99473     95.462     0.4201     0.4731 1.0000e-12    91.9622     0.3352      8.092   265.2272      7.219    21.3353    21.3353      18.81  1028.5232    28.4924  0.000e+00
      7.172    21.3362    40.3679    28.4923     6.6775    6.98072    6.99479     95.463     0.4201     0.4792 1.0000e-12    91.9622     0.3352      8.092   265.2272      7.219    21.3348    21.3348      18.81  1028.5235    28.4927  0.000e+00
      7.180    21.3356    40.3682    28.4927     6.6776    6.98079    6.99486     95.465     0.4201     0.4792 1.0000e-12    91.9622     0.3352      8.092   265.2272      7.227    21.3341    21.3341      18.82  1028.5240    28.4931  0.000e+00
      7.234    21.3347    40.3688    28.4934     6.6779    6.98087    6.99494     95.467     0.4201     0.4792 1.0000e-12    91.9622     0.3352      8.096   265.2272      7.282    21.3333    21.3333      18.82  1028.5249    28.4938  0.000e+00
      7.234    21.3344    40.3684    28.4932     6.6735    6.98093    6.99500     95.404     0.4201     0.4792 1.0000e-12    91.9622     0.3352      8.092   265.2272      7.282    21.3330    21.3330      18.81  1028.5247    28.4936  0.000e+00
      7.172    21.3333    40.3685    28.4936     6.6777    6.98106    6.99513     95.462     0.4201     0.4792 1.0000e-12    91.9622     0.3352      8.096   265.2272      7.219    21.3319    21.3319      18.81  1028.5248    28.4940  0.000e+00
      7.234    21.3322    40.3686    28.4940     6.6734    6.98120    6.99526     95.400     0.4201     0.4792 1.0000e-12    91.9622     0.3352      8.096   265.2272      7.282    21.3307    21.3307      18.81  1028.5255    28.4944  0.000e+00
      7.297    21.3312    40.3690    28.4945     6.6734    6.98131    6.99537     95.398     0.4201     0.4792 1.0000e-12    91.9622     0.3352      8.092   265.2272      7.345    21.3297    21.3297      18.81  1028.5263    28.4950  0.000e+00
      7.234    21.3308    40.3698    28.4953     6.6730    6.98132    6.99538     95.391     0.4201     0.4853 1.0000e-12    91.9622     0.3352      8.096   265.2272      7.282    21.3294    21.3294      18.81  1028.5268    28.4957  0.000e+00
      7.352    21.3319    40.3704    28.4955     6.6727    6.98116    6.99523     95.389     0.4201     0.4792 1.0000e-12    91.9622     0.3352      8.096   265.2272      7.400    21.3304    21.3304      18.81  1028.5274    28.4959  0.000e+00
      7.234    21.3328    40.3699    28.4948     6.6726    6.98107    6.99513     95.389     0.4201     0.4792 1.0000e-12    91.9622     0.3352      8.092   265.2272      7.282    21.3313    21.3313      18.82  1028.5263    28.4952  0.000e+00
      7.242    21.3334    40.3691    28.4940     6.6723    6.98103    6.99509     95.386     0.4323     0.5036 1.0000e-12    92.0434     0.3316      8.096   265.2272      7.290    21.3319    21.3319      18.82  1028.5256    28.4945  0.000e+00
      7.461    21.3331    40.3694    28.4943     6.6724    6.98105    6.99511     95.386     0.4323     0.5097 1.0000e-12    92.1246     0.3281      8.096   265.2272      7.510    21.3316    21.3316      18.81  1028.5268    28.4948  0.000e+00
      7.352    21.3331    40.3699    28.4947     6.6718    6.98103    6.99509     95.378     0.4323     0.5219 1.0000e-12    92.1787     0.3258      8.092   265.2272      7.400    21.3317    21.3317      18.81  1028.5267    28.4951  0.000e+00
      7.352    21.3346    40.3694    28.4939     6.6667    6.98087    6.99493     95.308     0.4323     0.5097 1.0000e-12    92.1516     0.3269      8.096   265.2272      7.400    21.3331    21.3331      18.82  1028.5259    28.4944  0.000e+00
      7.289    21.3356    40.3689    28.4932     6.6616    6.98076    6.99483     95.237     0.4323     0.5097 1.0000e-12    92.1516     0.3269      8.092   265.2272      7.337    21.3341    21.3341      18.81  1028.5249    28.4936  0.000e+00
      7.414    21.3357    40.3672    28.4919     6.6654    6.98082    6.99489     95.289     0.4323     0.5158 1.0000e-12    92.1516     0.3269      8.096   265.2272      7.463    21.3342    21.3342      18.81  1028.5242    28.4924  0.000e+00
      7.406    21.3350    40.3675    28.4924     6.6650    6.98089    6.99496     95.283     0.4323     0.5158 1.0000e-12    92.1516     0.3269      8.096   265.2272      7.455    21.3335    21.3335      18.82  1028.5246    28.4928  0.000e+00
      7.352    21.3339    40.3679    28.4930     6.6602    6.98102    6.99508     95.213     0.4323     0.5097 1.0000e-12    92.1516     0.3269      8.096   265.2272      7.400    21.3324    21.3324      18.81  1028.5249    28.4934  0.000e+00
      7.406    21.3322    40.3683    28.4937     6.6643    6.98121    6.99528     95.268     0.4323     0.5158 1.0000e-12    92.1787     0.3258      8.092   265.2272      7.455    21.3307    21.3307      18.82  1028.5260    28.4942  0.000e+00
      7.461    21.3312    40.3692    28.4947     6.6598    6.98130    6.99537     95.203     0.4323     0.5158 1.0000e-12    92.1516     0.3269      8.092   265.2272      7.510    21.3297    21.3297      18.81  1028.5271    28.4951  0.000e+00
      7.414    21.3315    40.3692    28.4946     6.6636    6.98126    6.99532     95.258     0.4323     0.5158 1.0000e-12    92.1516     0.3269      8.092   265.2272      7.463    21.3300    21.3300      18.82  1028.5268    28.4950  0.000e+00
      7.406    21.3312    40.3696    28.4950     6.6633    6.98128    6.99535     95.253     0.4323     0.5158 1.0000e-12    92.1516     0.3269      8.092   265.2272      7.455    21.3297    21.3297      18.82  1028.5273    28.4955  0.000e+00
      7.461    21.3312    40.3693    28.4948     6.6586    6.98130    6.99536     95.185     0.4323     0.5097 1.0000e-12    92.1516     0.3269      8.092   265.2272      7.510    21.3297    21.3297      18.82  1028.5272    28.4952  0.000e+00
      7.461    21.3314    40.3693    28.4947     6.6580    6.98127    6.99533     95.178     0.4323     0.5097 1.0000e-12    92.1516     0.3269      8.092   265.2272      7.510    21.3299    21.3299      18.81  1028.5272    28.4951  0.000e+00
      7.461    21.3312    40.3695    28.4950     6.6577    6.98129    6.99535     95.174     0.4323     0.5158 1.0000e-12    92.1516     0.3269      8.096   265.2272      7.510    21.3297    21.3297      18.81  1028.5274    28.4954  0.000e+00
      7.523    21.3313    40.3697    28.4951     6.6575    6.98126    6.99532     95.171     0.4323     0.5158 1.0000e-12    92.1516     0.3269      8.096   265.2272      7.573    21.3298    21.3298      18.81  1028.5278    28.4955  0.000e+00
      7.523    21.3319    40.3697    28.4949     6.6614    6.98119    6.99526     95.228     0.4323     0.5158 1.0000e-12    92.1516     0.3269      8.096   265.2272      7.573    21.3304    21.3304      18.81  1028.5277    28.4953  0.000e+00
      7.523    21.3323    40.3697    28.4948     6.6567    6.98115    6.99521     95.161     0.4323     0.5097 1.0000e-12    92.1516     0.3269      8.096   265.2272      7.573    21.3307    21.3307      18.81  1028.5275    28.4952  0.000e+00
      7.523    21.3327    40.3696    28.4946     6.6562    6.98110    6.99516     95.155     0.4323     0.5158 1.0000e-12    92.1516     0.3269      8.092   265.2272      7.573    21.3312    21.3312      18.82  1028.5273    28.4950  0.000e+00
      7.523    21.3331    40.3700    28.4948     6.6560    6.98102    6.99509     95.152     0.4323     0.5097 1.0000e-12    92.1516     0.3269      8.092   265.2272      7.573    21.3316    21.3316      18.81  1028.5275    28.4952  0.000e+00
      7.523    21.3340    40.3701    28.4946     6.6597    6.98091    6.99497     95.207     0.4323     0.5158 1.0000e-12    92.0975     0.3293      8.096   265.2272      7.573    21.3325    21.3325      18.81  1028.5273    28.4950  0.000e+00
      7.578    21.3350    40.3695    28.4939     6.6553    6.98081    6.99488     95.145     0.4323     0.5097 1.0000e-12    92.0434     0.3316      8.096   265.2272      7.628    21.3335    21.3335      18.81  1028.5269    28.4943  0.000e+00
      7.578    21.3356    40.3694    28.4936     6.6596    6.98074    6.99481     95.207     0.4323     0.5219 1.0000e-12    92.0163     0.3328      8.096   265.2272      7.628    21.3341    21.3341      18.81  1028.5266    28.4941  0.000e+00
      7.633    21.3360    40.3690    28.4932     6.6553    6.98070    6.99477     95.146     0.4323     0.5097 1.0000e-12    92.0163     0.3328      8.092   265.2272      7.683    21.3345    21.3345      18.82  1028.5264    28.4936  0.000e+00
