Data/RVJanan08403.cnv
* Sea-Bird SBE 9 Data File:
* FileName = C:\CruiseData\CTD911\RVJanan084\Hex\RVJanan08403.hex
* Software Version Seasave V 7.26.7.121
* Temperature SN = 5958
* Conductivity SN = 3674
* Number of Bytes Per Scan = 37
* Number of Voltage Words = 4
* Number of Scans Averaged by the Deck Unit = 1
* NMEA Latitude = 25 31.33 N
* NMEA Longitude = 052 31.18 E
* NMEA UTC (Time) = Mar 07 2020  12:20:19
* NMEA baud rate = 4800
** Ship: R/V JANAN
** Cruise: NPRP10Restore04-March2020
** Station: Maydan Mahzen reef
** Bottom Depth [m]: 27
** Operator: MD
# nquan = 22
# nvalues = 4242                                  
# units = specified
# name 0 = depSM: Depth [salt water, m]
# name 1 = t090C: Temperature [ITS-90, deg C]
# name 2 = sal00: Salinity, Practical [PSU]
# name 3 = sigma-t00: Density [sigma-t, kg/m^3 ]
# name 4 = sbeox0Mg/L: Oxygen, SBE 43 [mg/l]
# name 5 = oxsatMg/L: Oxygen Saturation, Weiss [mg/l]
# name 6 = oxsolMg/L: Oxygen Saturation, Garcia & Gordon [mg/l]
# name 7 = sbeox0PS: Oxygen, SBE 43 [% saturation]
# name 8 = flECO-AFL: Fluorescence, WET Labs ECO-AFL/FL [mg/m^3]
# name 9 = turbWETntu0: Turbidity, WET Labs ECO [NTU]
# name 10 = par: PAR/Irradiance, Biospherical/Licor
# name 11 = xmiss: Beam Transmission, Chelsea/Seatech [%]
# name 12 = bat: Beam Attenuation, Chelsea/Seatech [1/m]
# name 13 = ph: pH
# name 14 = orp: Oxidation Reduction Potential [mV]
# name 15 = prDM: Pressure, Digiquartz [db]
# name 16 = potemp090C: Potential Temperature [ITS-90, deg C]
# name 17 = pta090C: Potential Temperature Anomaly [ITS-90, deg C], a0 = 0, a1 = 0
# name 18 = ptempC: Pressure Temperature [deg C]
# name 19 = density00: Density [density, kg/m^3]
# name 20 = sigma-é00: Density [sigma-theta, kg/m^3]
# name 21 = flag:  0.000e+00
# span 0 =     -0.258,     25.755                 
# span 1 =    20.5885,    22.4768                 
# span 2 =     3.4310,    40.2652                 
# span 3 =     0.3316,    28.6228                 
# span 4 =     6.6315,     8.4789                 
# span 5 =    6.84934,    8.52523                 
# span 6 =    6.86429,    8.54330                 
# span 7 =     93.565,    100.309                 
# span 8 =     0.1759,     1.0428                 
# span 9 =    -0.0520,     0.7112                 
# span 10 = 1.0000e-12, 1.0000e-12                
# span 11 =    66.9867,    94.9657                
# span 12 =     0.2066,     1.6027                
# span 13 =      8.189,      8.229                
# span 14 =   254.9255,   262.1973                
# span 15 =     -0.260,     25.925                
# span 16 =    20.5835,    22.4767                
# span 17 =    20.5835,    22.4767                
# span 18 =      24.13,      24.37                
# span 19 =  1000.3307,  1028.7341                
# span 20 =     0.3316,    28.6242                
# span 21 = 0.0000e+00, 0.0000e+00                
# interval = seconds: 0.0416667
# start_time = Mar 07 2020 12:20:19 [NMEA time, header]
# bad_flag = -9.990e-29
*END*
[from data line 1910]
     25.177    20.5913    40.2636    28.6209     6.6641    7.07913    7.09254     93.959     0.8474     0.3815 1.0000e-12    94.0422     0.2457      8.199   257.3494     25.342    20.5864    20.5864      24.23  1028.7306    28.6222  0.000e+00
     25.153    20.5913    40.2637    28.6209     6.6643    7.07913    7.09254     93.962     0.8474     0.3815 1.0000e-12    94.0422     0.2457      8.199   257.3494     25.319    20.5864    20.5864      24.23  1028.7305    28.6223  0.000e+00
     25.114    20.5913    40.2640    28.6211     6.6599    7.07912    7.09253     93.900     0.8474     0.3754 1.0000e-12    94.0422     0.2457      8.199   257.3494     25.279    20.5864    20.5864      24.23  1028.7306    28.6225  0.000e+00
     25.114    20.5913    40.2635    28.6208     6.6600    7.07913    7.09255     93.901     0.8474     0.3815 1.0000e-12    94.0422     0.2457      8.199   257.3494     25.279    20.5864    20.5864      24.23  1028.7302    28.6221  0.000e+00
     25.177    20.5912    40.2637    28.6210     6.6601    7.07915    7.09256     93.903     0.8474     0.3815 1.0000e-12    94.0422     0.2457      8.199   257.3494     25.342    20.5862    20.5862      24.23  1028.7307    28.6223  0.000e+00
     25.177    20.5908    40.2641    28.6214     6.6652    7.07918    7.09259     93.974     0.8474     0.3876 1.0000e-12    94.0422     0.2457      8.199   257.3494     25.342    20.5859    20.5859      24.23  1028.7311    28.6227  0.000e+00
     25.177    20.5906    40.2644    28.6216     6.6659    7.07919    7.09260     93.984     0.8474     0.3815 1.0000e-12    94.0422     0.2457      8.199   257.3494     25.342    20.5857    20.5857      24.23  1028.7314    28.6230  0.000e+00
     25.177    20.5908    40.2641    28.6214     6.6667    7.07918    7.09259     93.995     0.8474     0.3815 1.0000e-12    94.0422     0.2457      8.199   257.3494     25.342    20.5859    20.5859      24.23  1028.7311    28.6227  0.000e+00
     25.115    20.5912    40.2641    28.6212     6.6674    7.07913    7.09255     94.006     0.8474     0.3815 1.0000e-12    94.0422     0.2457      8.199   257.3494     25.280    20.5863    20.5863      24.22  1028.7307    28.6226  0.000e+00
     25.232    20.5912    40.2640    28.6212     6.6684    7.07914    7.09255     94.020     0.8352     0.3876 1.0000e-12    93.9607     0.2492      8.199   257.3494     25.398    20.5862    20.5862      24.22  1028.7311    28.6225  0.000e+00
     25.115    20.5912    40.2638    28.6210     6.6739    7.07914    7.09256     94.097     0.8474     0.3876 1.0000e-12    93.8792     0.2526      8.199   257.3494     25.280    20.5863    20.5863      24.23  1028.7305    28.6224  0.000e+00
     25.154    20.5912    40.2639    28.6211     6.6749    7.07914    7.09256     94.111     0.8352     0.3876 1.0000e-12    93.8520     0.2538      8.199   257.3494     25.319    20.5863    20.5863      24.23  1028.7307    28.6224  0.000e+00
     25.232    20.5912    40.2638    28.6210     6.6714    7.07915    7.09256     94.062     0.8352     0.3876 1.0000e-12    93.8520     0.2538      8.199   257.3494     25.398    20.5862    20.5862      24.23  1028.7310    28.6224  0.000e+00
     25.177    20.5912    40.2640    28.6212     6.6719    7.07913    7.09255     94.069     0.7986     0.3876 1.0000e-12    93.8520     0.2538      8.199   257.3494     25.343    20.5862    20.5862      24.22  1028.7310    28.6226  0.000e+00
     25.177    20.5912    40.2640    28.6212     6.6773    7.07914    7.09255     94.145     0.7864     0.3937 1.0000e-12    93.8520     0.2538      8.199   257.3494     25.343    20.5862    20.5862      24.23  1028.7309    28.6225  0.000e+00
     25.177    20.5910    40.2640    28.6212     6.6781    7.07916    7.09257     94.157     0.7864     0.3876 1.0000e-12    93.8520     0.2538      8.199   257.3494     25.343    20.5861    20.5861      24.23  1028.7309    28.6226  0.000e+00
     25.232    20.5908    40.2642    28.6214     6.6791    7.07917    7.09259     94.170     0.7864     0.3998 1.0000e-12    93.8520     0.2538      8.199   257.3494     25.398    20.5859    20.5859      24.23  1028.7314    28.6228  0.000e+00
     25.177    20.5908    40.2639    28.6212     6.6799    7.07919    7.09260     94.182     0.7864     0.3937 1.0000e-12    93.8520     0.2538      8.199   257.3494     25.343    20.5859    20.5859      24.23  1028.7309    28.6225  0.000e+00
     25.177    20.5906    40.2642    28.6215     6.6809    7.07920    7.09261     94.195     0.7864     0.3937 1.0000e-12    93.8520     0.2538      8.199   257.3494     25.343    20.5857    20.5857      24.23  1028.7312    28.6228  0.000e+00
     25.232    20.5908    40.2642    28.6214     6.6816    7.07917    7.09259     94.205     0.7864     0.3998 1.0000e-12    93.8520     0.2538      8.199   257.3494     25.398    20.5859    20.5859      24.23  1028.7314    28.6228  0.000e+00
     25.232    20.5908    40.2639    28.6212     6.6777    7.07919    7.09260     94.150     0.7864     0.3876 1.0000e-12    93.8520     0.2538      8.199   257.3494     25.398    20.5859    20.5859      24.23  1028.7312    28.6225  0.000e+00
     25.216    20.5910    40.2639    28.6212     6.6827    7.07916    7.09257     94.220     0.7864     0.3937 1.0000e-12    93.8520     0.2538      8.199   257.3494     25.382    20.5861    20.5861      24.23  1028.7311    28.6226  0.000e+00
     25.177    20.5908    40.2636    28.6210     6.6834    7.07920    7.09261     94.230     0.7864     0.3937 1.0000e-12    93.8520     0.2538      8.199   257.3494     25.343    20.5859    20.5859      24.23  1028.7307    28.6224  0.000e+00
     25.232    20.5904    40.2640    28.6214     6.6842    7.07923    7.09264     94.241     0.7864     0.3937 1.0000e-12    93.8520     0.2538      8.199   257.3494     25.398    20.5855    20.5855      24.23  1028.7314    28.6228  0.000e+00
     25.232    20.5900    40.2643    28.6217     6.6847    7.07927    7.09268     94.248     0.7864     0.3937 1.0000e-12    93.8520     0.2538      8.199   257.3494     25.398    20.5851    20.5851      24.23  1028.7317    28.6230  0.000e+00
     25.232    20.5899    40.2645    28.6220     6.6852    7.07928    7.09269     94.254     0.7864     0.3937 1.0000e-12    93.8520     0.2538      8.199   257.3494     25.398    20.5850    20.5850      24.22  1028.7319    28.6233  0.000e+00
     25.232    20.5895    40.2650    28.6224     6.6854    7.07930    7.09272     94.257     0.7864     0.3937 1.0000e-12    93.8792     0.2526      8.199   257.3494     25.398    20.5846    20.5846      24.23  1028.7324    28.6238  0.000e+00
     25.232    20.5897    40.2646    28.6220     6.6858    7.07930    7.09271     94.263     0.7864     0.3937 1.0000e-12    93.8520     0.2538      8.199   257.3494     25.398    20.5848    20.5848      24.23  1028.7320    28.6234  0.000e+00
     25.232    20.5893    40.2648    28.6223     6.6863    7.07934    7.09275     94.270     0.7864     0.3876 1.0000e-12    93.8520     0.2538      8.199   257.3494     25.398    20.5844    20.5844      24.23  1028.7323    28.6237  0.000e+00
     25.287    20.5893    40.2648    28.6223     6.6866    7.07934    7.09275     94.273     0.7864     0.3937 1.0000e-12    93.9063     0.2515      8.199   257.3494     25.453    20.5844    20.5844      24.23  1028.7325    28.6236  0.000e+00
     25.061    20.5893    40.2649    28.6224     6.6868    7.07933    7.09274     94.277     0.7864     0.3937 1.0000e-12    94.0422     0.2457      8.199   257.3494     25.225    20.5845    20.5845      24.23  1028.7316    28.6237  0.000e+00
     25.443    20.5893    40.2647    28.6222     6.6876    7.07934    7.09275     94.287     0.7864     0.3876 1.0000e-12    94.0965     0.2434      8.199   257.3494     25.611    20.5844    20.5844      24.23  1028.7331    28.6236  0.000e+00
     25.232    20.5895    40.2646    28.6221     6.6876    7.07932    7.09273     94.287     0.7864     0.3937 1.0000e-12    94.0965     0.2434      8.199   257.3494     25.398    20.5846    20.5846      24.23  1028.7321    28.6235  0.000e+00
     25.287    20.5897    40.2644    28.6219     6.6832    7.07930    7.09272     94.226     0.7864     0.3876 1.0000e-12    94.0693     0.2446      8.199   257.3494     25.453    20.5848    20.5848      24.23  1028.7321    28.6233  0.000e+00
     25.233    20.5895    40.2646    28.6221     6.6831    7.07932    7.09273     94.224     0.7742     0.3937 1.0000e-12    94.0965     0.2434      8.199   257.3494     25.398    20.5846    20.5846      24.23  1028.7321    28.6235  0.000e+00
     25.287    20.5897    40.2644    28.6219     6.6830    7.07930    7.09272     94.223     0.7864     0.3937 1.0000e-12    94.0965     0.2434      8.199   257.3494     25.453    20.5848    20.5848      24.23  1028.7321    28.6233  0.000e+00
     25.287    20.5900    40.2641    28.6216     6.6786    7.07927    7.09269     94.161     0.7864     0.3876 1.0000e-12    94.0965     0.2434      8.199   257.3494     25.453    20.5851    20.5851      24.23  1028.7318    28.6229  0.000e+00
     25.287    20.5897    40.2644    28.6219     6.6828    7.07930    7.09272     94.221     0.7864     0.3937 1.0000e-12    94.0965     0.2434      8.199   257.3494     25.454    20.5848    20.5848      24.23  1028.7321    28.6233  0.000e+00
     25.287    20.5897    40.2641    28.6217     6.6782    7.07932    7.09273     94.156     0.7864     0.3876 1.0000e-12    94.0965     0.2434      8.199   257.3494     25.454    20.5848    20.5848      24.23  1028.7319    28.6230  0.000e+00
     25.287    20.5897    40.2646    28.6221     6.6776    7.07930    7.09271     94.147     0.7864     0.3876 1.0000e-12    94.0965     0.2434      8.199   257.3494     25.454    20.5848    20.5848      24.23  1028.7323    28.6234  0.000e+00
     25.272    20.5899    40.2644    28.6219     6.6770    7.07928    7.09270     94.139     0.7742     0.3754 1.0000e-12    94.0965     0.2434      8.199   257.3494     25.438    20.5849    20.5849      24.23  1028.7320    28.6232  0.000e+00
     25.287    20.5897    40.2644    28.6219     6.6718    7.07930    7.09272     94.066     0.7742     0.3571 1.0000e-12    94.0965     0.2434      8.199   257.3494     25.454    20.5848    20.5848      24.23  1028.7321    28.6233  0.000e+00
     25.350    20.5897    40.2644    28.6219     6.6710    7.07931    7.09272     94.055     0.7742     0.3632 1.0000e-12    94.0965     0.2434      8.199   257.3494     25.517    20.5848    20.5848      24.23  1028.7324    28.6233  0.000e+00
     25.288    20.5897    40.2647    28.6221     6.6702    7.07929    7.09271     94.042     0.7742     0.3632 1.0000e-12    94.0965     0.2434      8.199   257.3494     25.454    20.5848    20.5848      24.23  1028.7323    28.6235  0.000e+00
     25.350    20.5895    40.2650    28.6224     6.6694    7.07931    7.09272     94.032     0.7619     0.3693 1.0000e-12    94.0965     0.2434      8.199   257.3494     25.517    20.5846    20.5846      24.23  1028.7329    28.6237  0.000e+00
     25.350    20.5895    40.2644    28.6219     6.6640    7.07933    7.09274     93.956     0.7742     0.3632 1.0000e-12    94.0965     0.2434      8.199   257.3494     25.517    20.5846    20.5846      24.23  1028.7324    28.6233  0.000e+00
     25.288    20.5895    40.2648    28.6223     6.6629    7.07931    7.09272     93.940     0.7619     0.3632 1.0000e-12    94.0965     0.2434      8.199   257.3494     25.454    20.5846    20.5846      24.23  1028.7325    28.6236  0.000e+00
     25.350    20.5895    40.2644    28.6219     6.6577    7.07933    7.09274     93.866     0.7619     0.3632 1.0000e-12    94.0965     0.2434      8.199   257.3494     25.517    20.5846    20.5846      24.23  1028.7324    28.6233  0.000e+00
     25.350    20.5893    40.2646    28.6222     6.6564    7.07934    7.09275     93.849     0.7742     0.3632 1.0000e-12    94.0693     0.2446      8.199   257.3494     25.517    20.5844    20.5844      24.23  1028.7327    28.6235  0.000e+00
     25.350    20.5893    40.2644    28.6220     6.6601    7.07935    7.09276     93.900     0.7742     0.3632 1.0000e-12    94.0965     0.2434      8.199   257.3494     25.517    20.5844    20.5844      24.24  1028.7325    28.6234  0.000e+00
     25.389    20.5893    40.2644    28.6220     6.6549    7.07935    7.09277     93.827     0.7742     0.3632 1.0000e-12    94.1780     0.2399      8.199   257.3494     25.556    20.5844    20.5844      24.23  1028.7326    28.6233  0.000e+00
     25.350    20.5895    40.2642    28.6218     6.6583    7.07934    7.09275     93.874     0.7619     0.3693 1.0000e-12    94.2051     0.2388      8.199   257.3494     25.517    20.5846    20.5846      24.23  1028.7323    28.6232  0.000e+00
     25.350    20.5893    40.2646    28.6222     6.6529    7.07934    7.09275     93.798     0.7742     0.3632 1.0000e-12    94.2051     0.2388      8.199   257.3494     25.517    20.5844    20.5844      24.23  1028.7327    28.6235  0.000e+00
     25.405    20.5893    40.2645    28.6221     6.6518    7.07935    7.09276     93.783     0.7742     0.3632 1.0000e-12    94.2051     0.2388      8.199   257.3494     25.572    20.5844    20.5844      24.23  1028.7328    28.6234  0.000e+00
     25.350    20.5895    40.2642    28.6218     6.6556    7.07934    7.09275     93.836     0.7619     0.3693 1.0000e-12    94.2051     0.2388      8.199   257.3494     25.517    20.5846    20.5846      24.23  1028.7323    28.6232  0.000e+00
     25.350    20.5893    40.2644    28.6220     6.6505    7.07935    7.09277     93.765     0.7742     0.3632 1.0000e-12    94.2051     0.2388      8.199   257.3494     25.517    20.5844    20.5844      24.23  1028.7325    28.6233  0.000e+00
     25.405    20.5893    40.2643    28.6220     6.6544    7.07935    7.09277     93.820     0.7619     0.3693 1.0000e-12    94.2051     0.2388      8.199   257.3494     25.572    20.5844    20.5844      24.23  1028.7327    28.6233  0.000e+00
     25.405    20.5895    40.2644    28.6220     6.6540    7.07933    7.09274     93.814     0.7619     0.3693 1.0000e-12    94.2051     0.2388      8.199   257.3494     25.572    20.5846    20.5846      24.23  1028.7327    28.6233  0.000e+00
     25.405    20.5895    40.2643    28.6219     6.6536    7.07933    7.09275     93.809     0.7742     0.3632 1.0000e-12    94.2051     0.2388      8.199   257.3494     25.572    20.5846    20.5846      24.23  1028.7326    28.6232  0.000e+00
     25.390    20.5892    40.2645    28.6221     6.6536    7.07937    7.09278     93.808     0.7742     0.3571 1.0000e-12    94.2051     0.2388      8.199   257.3494     25.556    20.5842    20.5842      24.23  1028.7328    28.6235  0.000e+00
     25.405    20.5892    40.2648    28.6224     6.6581    7.07936    7.09277     93.872     0.7742     0.3693 1.0000e-12    94.2051     0.2388      8.199   257.3494     25.572    20.5842    20.5842      24.23  1028.7331    28.6237  0.000e+00
     25.351    20.5892    40.2643    28.6220     6.6581    7.07938    7.09279     93.871     0.7742     0.3632 1.0000e-12    94.2051     0.2388      8.199   257.3494     25.517    20.5842    20.5842      24.23  1028.7325    28.6234  0.000e+00
     25.460    20.5892    40.2644    28.6220     6.6627    7.07938    7.09279     93.937     0.7619     0.3693 1.0000e-12    94.2051     0.2388      8.199   257.3494     25.627    20.5842    20.5842      24.23  1028.7330    28.6234  0.000e+00
     25.405    20.5892    40.2645    28.6221     6.6587    7.07937    7.09278     93.879     0.7742     0.3632 1.0000e-12    94.2051     0.2388      8.199   257.3494     25.572    20.5842    20.5842      24.23  1028.7329    28.6235  0.000e+00
     25.460    20.5892    40.2642    28.6219     6.6590    7.07938    7.09280     93.885     0.7742     0.3632 1.0000e-12    94.2051     0.2388      8.199   257.3494     25.627    20.5842    20.5842      24.23  1028.7328    28.6232  0.000e+00
