Data/RVJanan08404.cnv
* Sea-Bird SBE 9 Data File:
* FileName = C:\CruiseData\CTD911\RVJanan084\Hex\RVJanan08404.hex
* Software Version Seasave V 7.26.7.121
* Temperature SN = 5958
* Conductivity SN = 3674
* Number of Bytes Per Scan = 37
* Number of Voltage Words = 4
* Number of Scans Averaged by the Deck Unit = 1
* NMEA Latitude = 25 32.44 N
* NMEA Longitude = 051 45.65 E
* NMEA UTC (Time) = Mar 08 2020  08:38:50
* NMEA baud rate = 4800
** Ship: R/V JANAN
** Cruise: NPRP10Restore04-March2020
** Station: Restore Nursery
** Bottom Depth [m]: 14
** Operator: MD
# nquan = 22
# nvalues = 2146                                  
# units = specified
# name 0 = depSM: Depth [salt water, m]
# name 1 = t090C: Temperature [ITS-90, deg C]
# name 2 = sal00: Salinity, Practical [PSU]
# name 3 = sigma-t00: Density [sigma-t, kg/m^3 ]
# name 4 = sbeox0Mg/L: Oxygen, SBE 43 [mg/l]
# name 5 = oxsatMg/L: Oxygen Saturation, Weiss [mg/l]
# name 6 = oxsolMg/L: Oxygen Saturation, Garcia & Gordon [mg/l]
# name 7 = sbeox0PS: Oxygen, SBE 43 [% saturation]
# name 8 = flECO-AFL: Fluorescence, WET Labs ECO-AFL/FL [mg/m^3]
# name 9 = turbWETntu0: Turbidity, WET Labs ECO [NTU]
# name 10 = par: PAR/Irradiance, Biospherical/Licor
# name 11 = xmiss: Beam Transmission, Chelsea/Seatech [%]
# name 12 = bat: Beam Attenuation, Chelsea/Seatech [1/m]
# name 13 = ph: pH
# name 14 = orp: Oxidation Reduction Potential [mV]
# name 15 = prDM: Pressure, Digiquartz [db]
# name 16 = potemp090C: Potential Temperature [ITS-90, deg C]
# name 17 = pta090C: Potential Temperature Anomaly [ITS-90, deg C], a0 = 0, a1 = 0
# name 18 = ptempC: Pressure Temperature [deg C]
# name 19 = density00: Density [density, kg/m^3]
# name 20 = sigma-é00: Density [sigma-theta, kg/m^3]
# name 21 = flag:  0.000e+00
# span 0 =     -0.171,     12.855                 
# span 1 =    20.3638,    20.7977                 
# span 2 =     3.1162,    40.6962                 
# span 3 =     0.4568,    28.9932                 
# span 4 =     6.8079,     8.5954                 
# span 5 =    7.03596,    8.81195                 
# span 6 =    7.04949,    8.82884                 
# span 7 =     95.055,     97.694                 
# span 8 =    -0.2515,     0.5666                 
# span 9 =    -0.0214,     1.1446                 
# span 10 = 1.0000e-12, 1.0000e-12                
# span 11 =    73.9407,   105.1794                
# span 12 =    -0.2020,     1.2076                
# span 13 =      8.190,      8.214                
# span 14 =   214.9306,   218.5665                
# span 15 =     -0.173,     12.939                
# span 16 =    20.3613,    20.7977                
# span 17 =    20.3613,    20.7977                
# span 18 =      20.65,      20.74                
# span 19 =  1000.4566,  1029.0486                
# span 20 =     0.4568,    28.9938                
# span 21 = 0.0000e+00, 0.0000e+00                
# interval = seconds: 0.0416667
# start_time = Mar 08 2020 08:38:50 [NMEA time, header]
# bad_flag = -9.990e-29
*END*
[from data line 198]
      0.380    20.5803    40.6756    28.9388     6.8759    7.06341    7.07673     97.163     0.2003     0.7844 1.0000e-12    86.7350     0.5693      8.209   215.5366      0.382    20.5802    20.5802      20.66  1028.9404    28.9388  0.000e+00
      0.380    20.5788    40.6737    28.9378     6.8715    7.06368    7.07700     97.097     0.1881     0.7844 1.0000e-12    86.7350     0.5693      8.209   215.5366      0.382    20.5787    20.5787      20.66  1028.9395    28.9378  0.000e+00
      0.380    20.5735    40.6733    28.9389     6.8767    7.06437    7.07768     97.160     0.2003     0.7844 1.0000e-12    86.7350     0.5693      8.209   214.9306      0.382    20.5734    20.5734      20.66  1028.9406    28.9390  0.000e+00
      0.318    20.5713    40.6742    28.9402     6.8722    7.06462    7.07792     97.093     0.1881     0.7844 1.0000e-12    86.7350     0.5693      8.209   214.9306      0.320    20.5713    20.5713      20.66  1028.9416    28.9402  0.000e+00
      0.380    20.5730    40.6742    28.9398     6.8762    7.06440    7.07771     97.153     0.2003     0.7844 1.0000e-12    86.7350     0.5693      8.209   214.9306      0.383    20.5729    20.5729      20.66  1028.9414    28.9398  0.000e+00
      0.380    20.5762    40.6742    28.9388     6.8756    7.06399    7.07730     97.151     0.2003     0.7844 1.0000e-12    86.7350     0.5693      8.209   214.9306      0.383    20.5761    20.5761      20.65  1028.9405    28.9389  0.000e+00
      0.380    20.5788    40.6749    28.9387     6.8752    7.06364    7.07695     97.149     0.2125     0.8088 1.0000e-12    86.7350     0.5693      8.209   214.9306      0.383    20.5787    20.5787      20.66  1028.9403    28.9387  0.000e+00
      0.318    20.5809    40.6747    28.9379     6.8747    7.06337    7.07669     97.146     0.2247     0.8272 1.0000e-12    86.7350     0.5693      8.209   214.9306      0.320    20.5808    20.5808      20.65  1028.9393    28.9379  0.000e+00
      0.380    20.5818    40.6748    28.9378     6.8745    7.06325    7.07657     97.145     0.2247     0.8211 1.0000e-12    86.7350     0.5693      8.209   215.5366      0.383    20.5817    20.5817      20.65  1028.9394    28.9378  0.000e+00
      0.380    20.5818    40.6742    28.9373     6.8744    7.06328    7.07660     97.143     0.2369     0.8272 1.0000e-12    86.7350     0.5693      8.209   215.5366      0.383    20.5817    20.5817      20.65  1028.9390    28.9374  0.000e+00
      0.318    20.5798    40.6738    28.9375     6.8700    7.06355    7.07687     97.077     0.2369     0.8211 1.0000e-12    86.7350     0.5693      8.209   215.5366      0.320    20.5797    20.5797      20.65  1028.9389    28.9375  0.000e+00
      0.380    20.5779    40.6739    28.9382     6.8747    7.06379    7.07710     97.141     0.2247     0.8211 1.0000e-12    86.7350     0.5693      8.209   215.5366      0.383    20.5778    20.5778      20.66  1028.9398    28.9382  0.000e+00
      0.318    20.5769    40.6755    28.9397     6.8747    7.06385    7.07716     97.139     0.2369     0.8272 1.0000e-12    86.7350     0.5693      8.209   215.5366      0.320    20.5768    20.5768      20.68  1028.9410    28.9397  0.000e+00
      0.380    20.5782    40.6773    28.9406     6.8744    7.06360    7.07692     97.138     0.2247     0.8211 1.0000e-12    86.7350     0.5693      8.209   214.9306      0.383    20.5782    20.5782      20.65  1028.9423    28.9407  0.000e+00
      0.380    20.5816    40.6778    28.9401     6.8738    7.06315    7.07647     97.136     0.2247     0.8211 1.0000e-12    86.7350     0.5693      8.209   214.9306      0.383    20.5815    20.5815      20.65  1028.9418    28.9401  0.000e+00
      0.380    20.5827    40.6772    28.9394     6.8781    7.06304    7.07635     97.199     0.2247     0.8272 1.0000e-12    86.7350     0.5693      8.209   215.5366      0.383    20.5826    20.5826      20.65  1028.9410    28.9394  0.000e+00
      0.318    20.5814    40.6742    28.9374     6.8785    7.06333    7.07664     97.200     0.2247     0.8272 1.0000e-12    86.7350     0.5693      8.209   214.9306      0.320    20.5814    20.5814      20.65  1028.9388    28.9374  0.000e+00
      0.380    20.5791    40.6730    28.9371     6.8745    7.06367    7.07698     97.139     0.2247     0.8211 1.0000e-12    86.7350     0.5693      8.209   214.9306      0.383    20.5790    20.5790      20.66  1028.9388    28.9372  0.000e+00
      0.380    20.5789    40.6730    28.9372     6.8744    7.06370    7.07701     97.138     0.2247     0.8211 1.0000e-12    86.7350     0.5693      8.209   215.5366      0.383    20.5788    20.5788      20.65  1028.9388    28.9372  0.000e+00
      0.318    20.5796    40.6749    28.9384     6.8738    7.06353    7.07684     97.131     0.2247     0.8211 1.0000e-12    86.7350     0.5693      8.209   214.9306      0.320    20.5795    20.5795      20.65  1028.9398    28.9385  0.000e+00
      0.380    20.5842    40.6763    28.9382     6.8731    7.06289    7.07621     97.129     0.2247     0.8211 1.0000e-12    86.7350     0.5693      8.209   215.5366      0.383    20.5841    20.5841      20.66  1028.9399    28.9383  0.000e+00
      0.380    20.5872    40.6772    28.9381     6.8725    7.06247    7.07579     97.127     0.2369     0.8211 1.0000e-12    86.7350     0.5693      8.209   214.9306      0.383    20.5871    20.5871      20.65  1028.9397    28.9381  0.000e+00
      0.380    20.5881    40.6795    28.9396     6.8722    7.06225    7.07557     97.125     0.2247     0.8272 1.0000e-12    86.7350     0.5693      8.209   215.5366      0.383    20.5880    20.5880      20.65  1028.9413    28.9397  0.000e+00
      0.380    20.5897    40.6807    28.9401     6.8763    7.06200    7.07532     97.187     0.2247     0.8272 1.0000e-12    86.7350     0.5693      8.209   214.9306      0.383    20.5896    20.5896      20.66  1028.9417    28.9401  0.000e+00
      0.318    20.5922    40.6799    28.9388     6.8761    7.06171    7.07504     97.188     0.2247     0.8272 1.0000e-12    86.7350     0.5693      8.209   214.9306      0.320    20.5922    20.5922      20.65  1028.9402    28.9388  0.000e+00
      0.380    20.5971    40.6799    28.9375     6.8756    7.06109    7.07442     97.189     0.2247     0.8272 1.0000e-12    86.7350     0.5693      8.209   215.5366      0.383    20.5970    20.5970      20.66  1028.9391    28.9375  0.000e+00
      0.380    20.6035    40.6796    28.9355     6.8748    7.06028    7.07362     97.190     0.2247     0.8272 1.0000e-12    86.7350     0.5693      8.209   215.5366      0.383    20.6034    20.6034      20.66  1028.9371    28.9355  0.000e+00
      0.380    20.6099    40.6808    28.9346     6.8786    7.05942    7.07276     97.254     0.2247     0.8272 1.0000e-12    86.7622     0.5680      8.208   215.5366      0.383    20.6098    20.6098      20.65  1028.9362    28.9346  0.000e+00
      0.380    20.6213    40.6823    28.9325     6.8728    7.05791    7.07126     97.193     0.2247     0.8272 1.0000e-12    86.7350     0.5693      8.208   215.5366      0.383    20.6212    20.6212      20.65  1028.9342    28.9326  0.000e+00
      0.380    20.6330    40.6807    28.9281     6.8716    7.05648    7.06985     97.196     0.2247     0.8211 1.0000e-12    86.7350     0.5693      8.208   215.5366      0.383    20.6329    20.6329      20.65  1028.9298    28.9281  0.000e+00
      0.380    20.6368    40.6789    28.9257     6.8715    7.05607    7.06944     97.200     0.2247     0.8272 1.0000e-12    86.7350     0.5693      8.208   214.9306      0.383    20.6367    20.6367      20.65  1028.9273    28.9257  0.000e+00
      0.380    20.6365    40.6807    28.9271     6.8715    7.05603    7.06940     97.201     0.2369     0.8211 1.0000e-12    86.7622     0.5680      8.204   215.5366      0.383    20.6365    20.6365      20.65  1028.9288    28.9272  0.000e+00
      0.380    20.6425    40.6824    28.9268     6.8755    7.05520    7.06858     97.268     0.2247     0.8272 1.0000e-12    86.7622     0.5680      8.208   214.9306      0.383    20.6424    20.6424      20.65  1028.9284    28.9268  0.000e+00
      0.380    20.6512    40.6800    28.9225     6.8656    7.05419    7.06757     97.143     0.2125     0.7966 1.0000e-12    86.7350     0.5693      8.208   215.5366      0.383    20.6511    20.6511      20.65  1028.9241    28.9225  0.000e+00
      0.380    20.6533    40.6761    28.9189     6.8656    7.05409    7.06748     97.143     0.2003     0.7844 1.0000e-12    86.7350     0.5693      8.208   215.5366      0.383    20.6532    20.6532      20.65  1028.9206    28.9190  0.000e+00
      0.435    20.6513    40.6732    28.9173     6.8706    7.05446    7.06785     97.209     0.2003     0.7844 1.0000e-12    86.7622     0.5680      8.208   215.5366      0.438    20.6512    20.6512      20.66  1028.9192    28.9173  0.000e+00
      0.380    20.6491    40.6725    28.9173     6.8666    7.05478    7.06816     97.149     0.2003     0.7844 1.0000e-12    86.7350     0.5693      8.208   215.5366      0.383    20.6490    20.6490      20.65  1028.9190    28.9174  0.000e+00
      0.380    20.6487    40.6728    28.9177     6.8713    7.05480    7.06818     97.214     0.2125     0.7844 1.0000e-12    86.7350     0.5693      8.208   215.5366      0.383    20.6487    20.6487      20.66  1028.9193    28.9177  0.000e+00
      0.435    20.6506    40.6735    28.9177     6.8714    7.05454    7.06793     97.219     0.2003     0.7905 1.0000e-12    86.7350     0.5693      8.208   214.9306      0.438    20.6505    20.6505      20.66  1028.9196    28.9177  0.000e+00
      0.435    20.6478    40.6732    28.9183     6.8721    7.05491    7.06829     97.224     0.2125     0.7844 1.0000e-12    86.7893     0.5667      8.208   214.9306      0.438    20.6477    20.6477      20.66  1028.9202    28.9183  0.000e+00
      0.380    20.6442    40.6734    28.9194     6.8773    7.05535    7.06873     97.292     0.2003     0.7905 1.0000e-12    86.8980     0.5617      8.208   215.5366      0.383    20.6442    20.6442      20.65  1028.9210    28.9194  0.000e+00
      0.435    20.6432    40.6740    28.9201     6.8781    7.05546    7.06884     97.301     0.2003     0.7844 1.0000e-12    86.9252     0.5605      8.208   215.5366      0.438    20.6431    20.6431      20.66  1028.9220    28.9202  0.000e+00
      0.380    20.6429    40.6735    28.9198     6.8738    7.05552    7.06889     97.240     0.2003     0.7905 1.0000e-12    86.9252     0.5605      8.208   215.5366      0.383    20.6428    20.6428      20.66  1028.9215    28.9199  0.000e+00
      0.380    20.6372    40.6693    28.9182     6.8793    7.05641    7.06979     97.306     0.2003     0.7844 1.0000e-12    86.9252     0.5605      8.208   215.5366      0.383    20.6372    20.6372      20.65  1028.9198    28.9182  0.000e+00
      0.435    20.6256    40.6688    28.9211     6.8814    7.05792    7.07128     97.315     0.2125     0.7844 1.0000e-12    86.9252     0.5605      8.208   215.5366      0.438    20.6255    20.6255      20.65  1028.9230    28.9211  0.000e+00
      0.497    20.6218    40.6667    28.9205     6.8826    7.05848    7.07184     97.324     0.2003     0.7844 1.0000e-12    86.9252     0.5605      8.208   215.5366      0.501    20.6217    20.6217      20.65  1028.9227    28.9206  0.000e+00
      0.380    20.6148    40.6666    28.9224     6.8837    7.05938    7.07273     97.327     0.2003     0.7844 1.0000e-12    86.9252     0.5605      8.208   214.9306      0.383    20.6147    20.6147      20.66  1028.9240    28.9224  0.000e+00
      0.380    20.6041    40.6675    28.9260     6.8853    7.06071    7.07405     97.332     0.2003     0.7844 1.0000e-12    86.9252     0.5605      8.209   214.9306      0.383    20.6040    20.6040      20.65  1028.9276    28.9260  0.000e+00
      0.497    20.5953    40.6701    28.9305     6.8867    7.06173    7.07506     97.337     0.2003     0.7783 1.0000e-12    86.9252     0.5605      8.209   215.5366      0.501    20.5952    20.5952      20.66  1028.9326    28.9305  0.000e+00
      0.497    20.5906    40.6708    28.9323     6.8874    7.06229    7.07562     97.340     0.2003     0.7844 1.0000e-12    86.9252     0.5605      8.209   215.5366      0.501    20.5905    20.5905      20.66  1028.9345    28.9323  0.000e+00
      0.380    20.5838    40.6700    28.9336     6.8927    7.06319    7.07651     97.402     0.2003     0.7844 1.0000e-12    86.8980     0.5617      8.209   215.5366      0.383    20.5837    20.5837      20.66  1028.9352    28.9336  0.000e+00
      0.435    20.5729    40.6708    28.9372     6.8900    7.06455    7.07786     97.345     0.2003     0.7844 1.0000e-12    86.9252     0.5605      8.209   215.5366      0.438    20.5728    20.5728      20.66  1028.9391    28.9372  0.000e+00
      0.435    20.5662    40.6717    28.9397     6.8907    7.06537    7.07867     97.344     0.2003     0.7844 1.0000e-12    86.9252     0.5605      8.209   215.5366      0.438    20.5662    20.5662      20.66  1028.9416    28.9397  0.000e+00
      0.435    20.5618    40.6741    28.9428     6.8957    7.06584    7.07914     97.409     0.2003     0.7905 1.0000e-12    86.9252     0.5605      8.209   214.9306      0.438    20.5617    20.5617      20.66  1028.9447    28.9428  0.000e+00
      0.380    20.5623    40.6759    28.9440     6.8913    7.06570    7.07900     97.349     0.2125     0.7844 1.0000e-12    86.9252     0.5605      8.209   215.5366      0.383    20.5622    20.5622      20.65  1028.9456    28.9440  0.000e+00
      0.497    20.5641    40.6758    28.9435     6.9002    7.06547    7.07877     97.478     0.2003     0.7844 1.0000e-12    86.8980     0.5617      8.209   214.9306      0.501    20.5640    20.5640      20.68  1028.9456    28.9435  0.000e+00
      0.435    20.5618    40.6767    28.9447     6.8964    7.06573    7.07903     97.420     0.2125     0.7844 1.0000e-12    86.9252     0.5605      8.209   214.9306      0.438    20.5617    20.5617      20.65  1028.9466    28.9448  0.000e+00
      0.380    20.5619    40.6738    28.9425     6.9012    7.06583    7.07912     97.486     0.2003     0.7905 1.0000e-12    86.9252     0.5605      8.209   215.5366      0.383    20.5619    20.5619      20.66  1028.9442    28.9426  0.000e+00
      0.380    20.5581    40.6712    28.9416     6.8976    7.06642    7.07972     97.428     0.2003     0.7844 1.0000e-12    86.9252     0.5605      8.209   215.5366      0.383    20.5581    20.5581      20.66  1028.9433    28.9416  0.000e+00
      0.318    20.5515    40.6698    28.9423     6.8984    7.06733    7.08062     97.426     0.2003     0.7844 1.0000e-12    86.9252     0.5605      8.209   215.5366      0.320    20.5514    20.5514      20.65  1028.9437    28.9424  0.000e+00
      0.318    20.5400    40.6680    28.9442     6.9000    7.06887    7.08215     97.429     0.1759     0.7905 1.0000e-12    87.0338     0.5555      8.209   215.5366      0.320    20.5399    20.5399      20.66  1028.9456    28.9442  0.000e+00
      0.435    20.5261    40.6692    28.9489     6.9065    7.07060    7.08386     97.497     0.1392     0.8088 1.0000e-12    87.0881     0.5530      8.209   215.5366      0.438    20.5260    20.5260      20.66  1028.9508    28.9490  0.000e+00
      0.669    20.5187    40.6714    28.9527     6.9079    7.07145    7.08471     97.504     0.1392     0.8027 1.0000e-12    87.0881     0.5530      8.209   214.9306      0.674    20.5186    20.5186      20.66  1028.9556    28.9527  0.000e+00
      0.552    20.5214    40.6754    28.9549     6.9029    7.07094    7.08420     97.441     0.1392     0.8088 1.0000e-12    87.0881     0.5530      8.209   215.5366      0.556    20.5213    20.5213      20.66  1028.9573    28.9549  0.000e+00
      0.498    20.5292    40.6779    28.9547     6.9019    7.06984    7.08311     97.442     0.1392     0.8027 1.0000e-12    87.0881     0.5530      8.209   215.5366      0.501    20.5291    20.5291      20.66  1028.9569    28.9548  0.000e+00
