Data/RVJanan08401.cnv
* Sea-Bird SBE 9 Data File:
* FileName = C:\CruiseData\CTD911\RVJanan084\Hex\RVJanan08401.hex
* Software Version Seasave V 7.26.7.121
* Temperature SN = 5958
* Conductivity SN = 3674
* Number of Bytes Per Scan = 37
* Number of Voltage Words = 4
* Number of Scans Averaged by the Deck Unit = 1
* NMEA Latitude = 26 36.11 N
* NMEA Longitude = 051 17.33 E
* NMEA UTC (Time) = Mar 06 2020  05:56:50
* NMEA baud rate = 4800
** Ship: R/V JANAN
** Cruise: NPRP10Restore04-March2020
** Station: Binzayan
** Bottom Depth [m]: 22
** Operator: MD
# nquan = 22
# nvalues = 5271                                  
# units = specified
# name 0 = depSM: Depth [salt water, m]
# name 1 = t090C: Temperature [ITS-90, deg C]
# name 2 = sal00: Salinity, Practical [PSU]
# name 3 = sigma-t00: Density [sigma-t, kg/m^3 ]
# name 4 = sbeox0Mg/L: Oxygen, SBE 43 [mg/l]
# name 5 = oxsatMg/L: Oxygen Saturation, Weiss [mg/l]
# name 6 = oxsolMg/L: Oxygen Saturation, Garcia & Gordon [mg/l]
# name 7 = sbeox0PS: Oxygen, SBE 43 [% saturation]
# name 8 = flECO-AFL: Fluorescence, WET Labs ECO-AFL/FL [mg/m^3]
# name 9 = turbWETntu0: Turbidity, WET Labs ECO [NTU]
# name 10 = par: PAR/Irradiance, Biospherical/Licor
# name 11 = xmiss: Beam Transmission, Chelsea/Seatech [%]
# name 12 = bat: Beam Attenuation, Chelsea/Seatech [1/m]
# name 13 = ph: pH
# name 14 = orp: Oxidation Reduction Potential [mV]
# name 15 = prDM: Pressure, Digiquartz [db]
# name 16 = potemp090C: Potential Temperature [ITS-90, deg C]
# name 17 = pta090C: Potential Temperature Anomaly [ITS-90, deg C], a0 = 0, a1 = 0
# name 18 = ptempC: Pressure Temperature [deg C]
# name 19 = density00: Density [density, kg/m^3]
# name 20 = sigma-é00: Density [sigma-theta, kg/m^3]
# name 21 = flag:  0.000e+00
# span 0 =     -0.127,     23.595                 
# span 1 =    20.2609,    20.3667                 
# span 2 =     5.0526,    40.1451                 
# span 3 =     1.9831,    28.6207                 
# span 4 =     6.7552,     8.3767                 
# span 5 =    7.11388,    8.75873                 
# span 6 =    7.12710,    8.77550                 
# span 7 =     94.615,     96.943                 
# span 8 =    -0.6300,    49.3700                 
# span 9 =    -0.0764,     0.8211                 
# span 10 = 1.0000e-12, 1.0000e-12                
# span 11 =    37.1062,    94.5311                
# span 12 =     0.2250,     3.9655                
# span 13 =      8.205,      8.246                
# span 14 =   171.9058,   186.4494                
# span 15 =     -0.127,     23.751                
# span 16 =    20.2568,    20.3666                
# span 17 =    20.2568,    20.3666                
# span 18 =      20.63,      20.83                
# span 19 =  1001.9827,  1028.7225                
# span 20 =     1.9831,    28.6218                
# span 21 = 0.0000e+00, 0.0000e+00                
# interval = seconds: 0.0416667
# start_time = Mar 06 2020 05:56:50 [NMEA time, header]
# bad_flag = -9.990e-29
*END*
[from data line 2634]
     22.445    20.2620    40.1438    28.6198     6.8201    7.12656    7.13967     95.524     0.7253     0.5769 1.0000e-12    92.4666     0.3133      8.210   176.7537     22.594    20.2577    20.2577      20.72  1028.7177    28.6210  0.000e+00
     22.382    20.2619    40.1439    28.6199     6.8206    7.12656    7.13967     95.532     0.7253     0.5830 1.0000e-12    92.4666     0.3133      8.210   176.7537     22.531    20.2576    20.2576      20.72  1028.7176    28.6211  0.000e+00
     22.382    20.2620    40.1438    28.6199     6.8259    7.12656    7.13967     95.605     0.7253     0.5830 1.0000e-12    92.4666     0.3133      8.210   176.7537     22.531    20.2577    20.2577      20.72  1028.7175    28.6210  0.000e+00
     22.445    20.2620    40.1436    28.6197     6.8268    7.12657    7.13968     95.618     0.7253     0.5830 1.0000e-12    92.4666     0.3133      8.210   176.7537     22.594    20.2577    20.2577      20.72  1028.7176    28.6209  0.000e+00
     22.328    20.2620    40.1438    28.6198     6.8275    7.12656    7.13967     95.628     0.7253     0.5830 1.0000e-12    92.4666     0.3133      8.210   176.7537     22.476    20.2577    20.2577      20.72  1028.7173    28.6210  0.000e+00
     22.273    20.2619    40.1436    28.6197     6.8280    7.12657    7.13968     95.635     0.7253     0.5769 1.0000e-12    92.4666     0.3133      8.210   176.7537     22.421    20.2576    20.2576      20.73  1028.7169    28.6209  0.000e+00
     22.547    20.2620    40.1440    28.6200     6.8290    7.12655    7.13966     95.649     0.7253     0.5830 1.0000e-12    92.4666     0.3133      8.210   176.7537     22.696    20.2576    20.2576      20.72  1028.7183    28.6211  0.000e+00
     22.382    20.2618    40.1439    28.6200     6.8294    7.12658    7.13969     95.654     0.7253     0.5769 1.0000e-12    92.4666     0.3133      8.205   176.7537     22.531    20.2575    20.2575      20.72  1028.7177    28.6212  0.000e+00
     22.382    20.2620    40.1440    28.6200     6.8298    7.12655    7.13966     95.660     0.7253     0.5830 1.0000e-12    92.4666     0.3133      8.205   176.7537     22.531    20.2577    20.2577      20.72  1028.7177    28.6212  0.000e+00
     22.328    20.2619    40.1440    28.6200     6.8299    7.12656    7.13967     95.662     0.7253     0.5830 1.0000e-12    92.4666     0.3133      8.210   176.7537     22.476    20.2576    20.2576      20.70  1028.7174    28.6211  0.000e+00
     22.445    20.2620    40.1439    28.6199     6.8304    7.12656    7.13966     95.668     0.7253     0.5830 1.0000e-12    92.4666     0.3133      8.205   176.7537     22.594    20.2577    20.2577      20.70  1028.7179    28.6211  0.000e+00
     22.328    20.2620    40.1439    28.6199     6.8258    7.12656    7.13967     95.603     0.7253     0.5769 1.0000e-12    92.4666     0.3133      8.210   176.7537     22.476    20.2577    20.2577      20.70  1028.7173    28.6211  0.000e+00
     22.383    20.2621    40.1437    28.6197     6.8299    7.12655    7.13966     95.661     0.7253     0.5830 1.0000e-12    92.4123     0.3156      8.205   176.7537     22.531    20.2578    20.2578      20.72  1028.7174    28.6209  0.000e+00
     22.383    20.2620    40.1438    28.6199     6.8299    7.12656    7.13967     95.661     0.7253     0.5769 1.0000e-12    92.3580     0.3180      8.210   176.7537     22.531    20.2577    20.2577      20.72  1028.7175    28.6210  0.000e+00
     22.383    20.2622    40.1438    28.6198     6.8249    7.12654    7.13965     95.592     0.7253     0.5830 1.0000e-12    92.3308     0.3192      8.210   176.7537     22.531    20.2578    20.2578      20.70  1028.7175    28.6210  0.000e+00
     22.328    20.2620    40.1439    28.6199     6.8245    7.12656    7.13967     95.586     0.7253     0.5769 1.0000e-12    92.3308     0.3192      8.210   176.7537     22.476    20.2577    20.2577      20.70  1028.7173    28.6211  0.000e+00
     22.383    20.2619    40.1436    28.6197     6.8242    7.12658    7.13969     95.581     0.7253     0.5769 1.0000e-12    92.3308     0.3192      8.210   176.7537     22.531    20.2576    20.2576      20.72  1028.7173    28.6208  0.000e+00
     22.367    20.2620    40.1440    28.6200     6.8237    7.12655    7.13966     95.575     0.7253     0.5830 1.0000e-12    92.3308     0.3192      8.210   176.7537     22.516    20.2577    20.2577      20.72  1028.7176    28.6212  0.000e+00
     22.328    20.2620    40.1438    28.6198     6.8275    7.12656    7.13967     95.628     0.7131     0.5830 1.0000e-12    92.3308     0.3192      8.210   176.7537     22.476    20.2577    20.2577      20.70  1028.7173    28.6210  0.000e+00
     22.383    20.2618    40.1439    28.6200     6.8181    7.12658    7.13969     95.496     0.7253     0.5769 1.0000e-12    92.3308     0.3192      8.210   176.7537     22.531    20.2575    20.2575      20.72  1028.7177    28.6212  0.000e+00
     22.328    20.2619    40.1439    28.6199     6.8218    7.12656    7.13967     95.548     0.7131     0.5463 1.0000e-12    92.3308     0.3192      8.210   176.7537     22.476    20.2576    20.2576      20.72  1028.7174    28.6211  0.000e+00
     22.328    20.2620    40.1440    28.6200     6.8215    7.12655    7.13966     95.544     0.6765     0.4975 1.0000e-12    92.3308     0.3192      8.205   176.7537     22.476    20.2577    20.2577      20.72  1028.7174    28.6212  0.000e+00
     22.383    20.2620    40.1436    28.6197     6.8258    7.12657    7.13968     95.604     0.6643     0.4975 1.0000e-12    92.3308     0.3192      8.210   176.7537     22.531    20.2577    20.2577      20.70  1028.7173    28.6208  0.000e+00
     22.328    20.2619    40.1438    28.6198     6.8257    7.12657    7.13968     95.602     0.6765     0.4975 1.0000e-12    92.3308     0.3192      8.210   176.7537     22.476    20.2576    20.2576      20.72  1028.7173    28.6210  0.000e+00
     22.383    20.2620    40.1433    28.6194     6.8210    7.12658    7.13969     95.537     0.6765     0.4975 1.0000e-12    92.3308     0.3192      8.205   176.7537     22.531    20.2577    20.2577      20.72  1028.7171    28.6206  0.000e+00
     22.328    20.2620    40.1438    28.6198     6.8251    7.12656    7.13967     95.595     0.6643     0.4975 1.0000e-12    92.3308     0.3192      8.205   176.7537     22.476    20.2577    20.2577      20.72  1028.7173    28.6210  0.000e+00
     22.383    20.2620    40.1436    28.6197     6.8250    7.12657    7.13968     95.593     0.6765     0.4975 1.0000e-12    92.3308     0.3192      8.210   177.3597     22.531    20.2577    20.2577      20.72  1028.7173    28.6208  0.000e+00
     22.328    20.2619    40.1441    28.6201     6.8250    7.12655    7.13966     95.593     0.6765     0.4975 1.0000e-12    92.3308     0.3192      8.205   176.7537     22.476    20.2576    20.2576      20.72  1028.7175    28.6212  0.000e+00
     22.328    20.2618    40.1444    28.6203     6.8248    7.12656    7.13967     95.589     0.6765     0.4975 1.0000e-12    92.3308     0.3192      8.210   176.7537     22.476    20.2575    20.2575      20.72  1028.7178    28.6215  0.000e+00
     22.367    20.2618    40.1440    28.6200     6.8199    7.12658    7.13969     95.522     0.6765     0.4975 1.0000e-12    92.3308     0.3192      8.210   176.7537     22.516    20.2575    20.2575      20.70  1028.7176    28.6212  0.000e+00
     22.328    20.2620    40.1438    28.6198     6.8239    7.12656    7.13967     95.578     0.6765     0.4975 1.0000e-12    92.3308     0.3192      8.210   177.3597     22.476    20.2577    20.2577      20.72  1028.7173    28.6210  0.000e+00
     22.328    20.2619    40.1439    28.6199     6.8193    7.12656    7.13967     95.512     0.6765     0.4975 1.0000e-12    92.3308     0.3192      8.210   176.7537     22.476    20.2576    20.2576      20.73  1028.7174    28.6211  0.000e+00
     22.383    20.2620    40.1440    28.6200     6.8187    7.12655    7.13966     95.505     0.6765     0.4914 1.0000e-12    92.3580     0.3180      8.205   176.7537     22.531    20.2577    20.2577      20.73  1028.7176    28.6211  0.000e+00
     22.383    20.2620    40.1438    28.6199     6.8184    7.12656    7.13967     95.500     0.6765     0.4975 1.0000e-12    92.4395     0.3145      8.210   176.7537     22.531    20.2577    20.2577      20.72  1028.7175    28.6210  0.000e+00
     22.328    20.2619    40.1439    28.6199     6.8134    7.12656    7.13967     95.430     0.6765     0.4914 1.0000e-12    92.4938     0.3121      8.210   176.7537     22.476    20.2576    20.2576      20.70  1028.7174    28.6211  0.000e+00
     22.383    20.2622    40.1437    28.6197     6.8128    7.12654    7.13965     95.421     0.6765     0.4914 1.0000e-12    92.4938     0.3121      8.210   176.7537     22.532    20.2578    20.2578      20.73  1028.7174    28.6209  0.000e+00
     22.383    20.2618    40.1441    28.6201     6.8076    7.12657    7.13968     95.348     0.6765     0.4975 1.0000e-12    92.4938     0.3121      8.210   176.7537     22.532    20.2575    20.2575      20.72  1028.7178    28.6213  0.000e+00
     22.383    20.2622    40.1437    28.6197     6.8018    7.12654    7.13965     95.267     0.6765     0.4914 1.0000e-12    92.4938     0.3121      8.210   176.7537     22.532    20.2578    20.2578      20.70  1028.7174    28.6209  0.000e+00
     22.328    20.2618    40.1438    28.6199     6.8006    7.12659    7.13970     95.251     0.6765     0.4914 1.0000e-12    92.4938     0.3121      8.210   176.7537     22.476    20.2575    20.2575      20.72  1028.7173    28.6210  0.000e+00
     22.328    20.2620    40.1437    28.6198     6.7995    7.12656    7.13967     95.235     0.6765     0.4975 1.0000e-12    92.4938     0.3121      8.205   176.7537     22.477    20.2577    20.2577      20.72  1028.7172    28.6210  0.000e+00
     22.328    20.2618    40.1438    28.6199     6.7984    7.12658    7.13969     95.220     0.6765     0.4975 1.0000e-12    92.4938     0.3121      8.210   176.7537     22.477    20.2575    20.2575      20.72  1028.7173    28.6211  0.000e+00
     22.313    20.2620    40.1438    28.6198     6.7973    7.12656    7.13967     95.205     0.6765     0.4975 1.0000e-12    92.4938     0.3121      8.210   177.3597     22.461    20.2577    20.2577      20.72  1028.7172    28.6210  0.000e+00
     22.328    20.2619    40.1439    28.6199     6.7965    7.12656    7.13967     95.194     0.6765     0.4975 1.0000e-12    92.4938     0.3121      8.210   176.7537     22.477    20.2576    20.2576      20.72  1028.7174    28.6211  0.000e+00
     22.274    20.2618    40.1439    28.6199     6.7955    7.12658    7.13969     95.179     0.6765     0.4914 1.0000e-12    92.4938     0.3121      8.210   176.7537     22.422    20.2575    20.2575      20.70  1028.7171    28.6211  0.000e+00
     22.274    20.2618    40.1440    28.6200     6.7948    7.12658    7.13969     95.169     0.6765     0.4975 1.0000e-12    92.4938     0.3121      8.210   176.7537     22.422    20.2575    20.2575      20.72  1028.7172    28.6212  0.000e+00
     22.274    20.2619    40.1436    28.6197     6.7895    7.12657    7.13968     95.095     0.6765     0.4914 1.0000e-12    92.4938     0.3121      8.205   176.7537     22.422    20.2576    20.2576      20.72  1028.7169    28.6209  0.000e+00
     22.274    20.2618    40.1439    28.6200     6.7932    7.12658    7.13969     95.147     0.6765     0.4975 1.0000e-12    92.4938     0.3121      8.205   176.7537     22.422    20.2575    20.2575      20.72  1028.7172    28.6211  0.000e+00
     22.383    20.2618    40.1438    28.6199     6.7881    7.12658    7.13969     95.075     0.7131     0.5158 1.0000e-12    92.4938     0.3121      8.210   176.7537     22.532    20.2575    20.2575      20.70  1028.7176    28.6211  0.000e+00
     22.274    20.2618    40.1440    28.6200     6.7918    7.12658    7.13969     95.127     0.7864     0.5463 1.0000e-12    92.4938     0.3121      8.210   176.7537     22.422    20.2575    20.2575      20.72  1028.7172    28.6212  0.000e+00
     22.383    20.2619    40.1436    28.6197     6.7913    7.12658    7.13969     95.121     0.7986     0.5585 1.0000e-12    92.4938     0.3121      8.210   176.7537     22.532    20.2576    20.2576      20.72  1028.7173    28.6208  0.000e+00
     22.328    20.2616    40.1441    28.6201     6.7908    7.12660    7.13971     95.113     0.7986     0.5524 1.0000e-12    92.4938     0.3121      8.205   177.3597     22.477    20.2573    20.2573      20.73  1028.7176    28.6213  0.000e+00
     22.328    20.2618    40.1438    28.6199     6.7906    7.12658    7.13969     95.110     0.7864     0.5463 1.0000e-12    92.4938     0.3121      8.205   176.7537     22.477    20.2575    20.2575      20.72  1028.7173    28.6211  0.000e+00
     22.328    20.2618    40.1442    28.6202     6.7904    7.12657    7.13968     95.108     0.7986     0.5524 1.0000e-12    92.4666     0.3133      8.210   177.3597     22.477    20.2575    20.2575      20.73  1028.7176    28.6214  0.000e+00
     22.313    20.2619    40.1437    28.6198     6.7903    7.12657    7.13968     95.107     0.7986     0.5463 1.0000e-12    92.3580     0.3180      8.205   176.7537     22.461    20.2576    20.2576      20.70  1028.7171    28.6210  0.000e+00
     22.383    20.2618    40.1438    28.6198     6.7949    7.12659    7.13970     95.171     0.7986     0.5463 1.0000e-12    92.3036     0.3203      8.210   176.7537     22.532    20.2575    20.2575      20.73  1028.7175    28.6210  0.000e+00
     22.328    20.2620    40.1438    28.6198     6.7951    7.12656    7.13967     95.174     0.7986     0.5524 1.0000e-12    92.3036     0.3203      8.224   176.7537     22.477    20.2577    20.2577      20.72  1028.7173    28.6210  0.000e+00
     22.328    20.2619    40.1439    28.6199     6.7954    7.12656    7.13967     95.178     0.7986     0.5524 1.0000e-12    92.3036     0.3203      8.219   176.7537     22.477    20.2576    20.2576      20.73  1028.7174    28.6211  0.000e+00
     22.328    20.2620    40.1439    28.6199     6.7957    7.12656    7.13967     95.182     0.7986     0.5463 1.0000e-12    92.3036     0.3203      8.214   177.3597     22.477    20.2577    20.2577      20.72  1028.7173    28.6211  0.000e+00
     22.383    20.2620    40.1436    28.6197     6.7961    7.12657    7.13968     95.188     0.7864     0.5524 1.0000e-12    92.3036     0.3203      8.214   176.7537     22.532    20.2577    20.2577      20.72  1028.7174    28.6209  0.000e+00
     22.328    20.2620    40.1438    28.6198     6.7964    7.12656    7.13967     95.192     0.7986     0.5524 1.0000e-12    92.3036     0.3203      8.219   176.7537     22.477    20.2577    20.2577      20.72  1028.7173    28.6210  0.000e+00
     22.328    20.2619    40.1442    28.6201     6.8011    7.12655    7.13966     95.259     0.7986     0.5524 1.0000e-12    92.3036     0.3203      8.219   176.7537     22.477    20.2576    20.2576      20.72  1028.7176    28.6213  0.000e+00
     22.383    20.2618    40.1439    28.6200     6.7973    7.12658    7.13969     95.204     0.7986     0.5463 1.0000e-12    92.3036     0.3203      8.214   176.7537     22.532    20.2575    20.2575      20.72  1028.7177    28.6212  0.000e+00
     22.328    20.2620    40.1438    28.6198     6.8023    7.12656    7.13967     95.274     0.7864     0.5524 1.0000e-12    92.3036     0.3203      8.219   176.7537     22.477    20.2577    20.2577      20.72  1028.7173    28.6210  0.000e+00
     22.328    20.2618    40.1440    28.6201     6.8028    7.12657    7.13968     95.281     0.7986     0.5524 1.0000e-12    92.3036     0.3203      8.219   176.7537     22.477    20.2575    20.2575      20.72  1028.7175    28.6212  0.000e+00
     22.383    20.2619    40.1436    28.6197     6.7987    7.12658    7.13969     95.224     0.7986     0.5463 1.0000e-12    92.3036     0.3203      8.219   176.7537     22.532    20.2576    20.2576      20.73  1028.7173    28.6208  0.000e+00
