Data/RVJanan08402.cnv
* Sea-Bird SBE 9 Data File:
* FileName = C:\CruiseData\CTD911\RVJanan084\Hex\RVJanan08402.hex
* Software Version Seasave V 7.26.7.121
* Temperature SN = 5958
* Conductivity SN = 3674
* Number of Bytes Per Scan = 37
* Number of Voltage Words = 4
* Number of Scans Averaged by the Deck Unit = 1
* NMEA Latitude = 25 42.93 N
* NMEA Longitude = 052 36.08 E
* NMEA UTC (Time) = Mar 07 2020  08:50:23
* NMEA baud rate = 4800
** Ship: R/V JANAN
** Cruise: NPRP10Restore04-March2020
** Station: FashtEHalul
** Bottom Depth [m]: 44
** Operator: MD
# nquan = 22
# nvalues = 5582                                  
# units = specified
# name 0 = depSM: Depth [salt water, m]
# name 1 = t090C: Temperature [ITS-90, deg C]
# name 2 = sal00: Salinity, Practical [PSU]
# name 3 = sigma-t00: Density [sigma-t, kg/m^3 ]
# name 4 = sbeox0Mg/L: Oxygen, SBE 43 [mg/l]
# name 5 = oxsatMg/L: Oxygen Saturation, Weiss [mg/l]
# name 6 = oxsolMg/L: Oxygen Saturation, Garcia & Gordon [mg/l]
# name 7 = sbeox0PS: Oxygen, SBE 43 [% saturation]
# name 8 = flECO-AFL: Fluorescence, WET Labs ECO-AFL/FL [mg/m^3]
# name 9 = turbWETntu0: Turbidity, WET Labs ECO [NTU]
# name 10 = par: PAR/Irradiance, Biospherical/Licor
# name 11 = xmiss: Beam Transmission, Chelsea/Seatech [%]
# name 12 = bat: Beam Attenuation, Chelsea/Seatech [1/m]
# name 13 = ph: pH
# name 14 = orp: Oxidation Reduction Potential [mV]
# name 15 = prDM: Pressure, Digiquartz [db]
# name 16 = potemp090C: Potential Temperature [ITS-90, deg C]
# name 17 = pta090C: Potential Temperature Anomaly [ITS-90, deg C], a0 = 0, a1 = 0
# name 18 = ptempC: Pressure Temperature [deg C]
# name 19 = density00: Density [density, kg/m^3]
# name 20 = sigma-é00: Density [sigma-theta, kg/m^3]
# name 21 = flag:  0.000e+00
# span 0 =     -0.169,     43.877                 
# span 1 =    20.5504,    22.0312                 
# span 2 =     2.8250,    40.4442                 
# span 3 =     0.0409,    28.7693                 
# span 4 =     6.2122,     8.4956                 
# span 5 =    6.91687,    8.68348                 
# span 6 =    6.93159,    8.70094                 
# span 7 =     87.621,     98.046                 
# span 8 =    -0.0561,    49.3700                 
# span 9 =    -0.1252,     1.2728                 
# span 10 = 1.0000e-12, 1.0000e-12                
# span 11 =    86.2461,   102.3000                
# span 12 =    -0.0910,     0.5919                
# span 13 =      8.154,      8.215                
# span 14 =   176.7537,   196.1452                
# span 15 =     -0.170,     44.168                
# span 16 =    20.5427,    22.0312                
# span 17 =    20.5427,    22.0312                
# span 18 =      20.19,      20.32                
# span 19 =  1000.0410,  1028.9598                
# span 20 =     0.0409,    28.7717                
# span 21 = 0.0000e+00, 0.0000e+00                
# interval = seconds: 0.0416667
# start_time = Mar 07 2020 08:50:23 [NMEA time, header]
# bad_flag = -9.990e-29
*END*
[from data line 2107]
     29.868    20.5672    40.2223    28.5959     6.4590    7.08395    7.09734     91.006     0.4567     0.6867 1.0000e-12    89.6144     0.4386      8.181   186.4494     30.065    20.5614    20.5614      20.23  1028.7261    28.5975  0.000e+00
     29.899    20.5671    40.2223    28.5959     6.4594    7.08395    7.09735     91.011     0.4567     0.6867 1.0000e-12    89.6144     0.4386      8.186   186.4494     30.096    20.5613    20.5613      20.23  1028.7263    28.5975  0.000e+00
     29.923    20.5668    40.2226    28.5963     6.4558    7.08398    7.09738     90.961     0.4567     0.6867 1.0000e-12    89.6144     0.4386      8.181   186.4494     30.120    20.5610    20.5610      20.23  1028.7267    28.5979  0.000e+00
     29.977    20.5668    40.2229    28.5965     6.4559    7.08397    7.09737     90.962     0.4567     0.6867 1.0000e-12    89.6144     0.4386      8.181   186.4494     30.175    20.5609    20.5609      20.23  1028.7272    28.5981  0.000e+00
     29.977    20.5665    40.2229    28.5966     6.4561    7.08401    7.09741     90.964     0.4567     0.6867 1.0000e-12    89.6144     0.4386      8.186   186.4494     30.175    20.5606    20.5606      20.23  1028.7273    28.5982  0.000e+00
     29.962    20.5665    40.2229    28.5966     6.4608    7.08401    7.09741     91.031     0.4567     0.6929 1.0000e-12    89.6144     0.4386      8.181   186.4494     30.159    20.5606    20.5606      20.23  1028.7272    28.5982  0.000e+00
     29.977    20.5662    40.2231    28.5968     6.4571    7.08403    7.09743     90.978     0.4445     0.6990 1.0000e-12    89.5872     0.4398      8.186   186.4494     30.175    20.5604    20.5604      20.23  1028.7275    28.5984  0.000e+00
     30.040    20.5661    40.2232    28.5970     6.4576    7.08404    7.09744     90.984     0.4323     0.7051 1.0000e-12    89.6144     0.4386      8.181   186.4494     30.238    20.5603    20.5603      20.23  1028.7279    28.5986  0.000e+00
     29.977    20.5662    40.2231    28.5968     6.4580    7.08403    7.09743     90.990     0.4323     0.7051 1.0000e-12    89.5872     0.4398      8.181   186.4494     30.175    20.5604    20.5604      20.23  1028.7275    28.5984  0.000e+00
     30.071    20.5661    40.2232    28.5969     6.4629    7.08405    7.09744     91.060     0.4323     0.7112 1.0000e-12    89.6144     0.4386      8.181   186.4494     30.270    20.5603    20.5603      20.23  1028.7280    28.5985  0.000e+00
     30.040    20.5659    40.2237    28.5973     6.4635    7.08405    7.09745     91.068     0.4323     0.7051 1.0000e-12    89.5872     0.4398      8.181   186.4494     30.238    20.5601    20.5601      20.23  1028.7283    28.5989  0.000e+00
     30.095    20.5659    40.2235    28.5972     6.4639    7.08406    7.09746     91.074     0.4323     0.7112 1.0000e-12    89.6144     0.4386      8.181   186.4494     30.293    20.5600    20.5600      20.24  1028.7284    28.5988  0.000e+00
     30.040    20.5663    40.2233    28.5970     6.4643    7.08402    7.09741     91.080     0.4323     0.7112 1.0000e-12    89.6144     0.4386      8.181   186.4494     30.238    20.5604    20.5604      20.24  1028.7279    28.5986  0.000e+00
     30.071    20.5661    40.2235    28.5972     6.4603    7.08403    7.09743     91.023     0.4323     0.7112 1.0000e-12    89.6144     0.4386      8.181   186.4494     30.270    20.5603    20.5603      20.23  1028.7283    28.5988  0.000e+00
     30.149    20.5661    40.2233    28.5970     6.4652    7.08405    7.09744     91.093     0.4323     0.7112 1.0000e-12    89.6144     0.4386      8.181   186.4494     30.348    20.5602    20.5602      20.23  1028.7284    28.5986  0.000e+00
     30.095    20.5659    40.2234    28.5971     6.4610    7.08406    7.09746     91.033     0.4323     0.7051 1.0000e-12    89.6144     0.4386      8.186   186.4494     30.293    20.5601    20.5601      20.23  1028.7283    28.5987  0.000e+00
     30.149    20.5659    40.2231    28.5969     6.4658    7.08408    7.09747     91.100     0.4323     0.7112 1.0000e-12    89.5872     0.4398      8.181   186.4494     30.348    20.5600    20.5600      20.24  1028.7283    28.5985  0.000e+00
     30.134    20.5658    40.2239    28.5976     6.4617    7.08406    7.09746     91.042     0.4323     0.7051 1.0000e-12    89.5057     0.4435      8.181   186.4494     30.333    20.5599    20.5599      20.23  1028.7289    28.5992  0.000e+00
     30.212    20.5658    40.2236    28.5974     6.4665    7.08407    7.09747     91.111     0.4323     0.7112 1.0000e-12    89.4514     0.4459      8.181   186.4494     30.411    20.5599    20.5599      20.23  1028.7290    28.5990  0.000e+00
     30.149    20.5657    40.2236    28.5974     6.4622    7.08408    7.09748     91.049     0.4323     0.7112 1.0000e-12    89.4243     0.4471      8.181   186.4494     30.348    20.5598    20.5598      20.23  1028.7288    28.5990  0.000e+00
     30.212    20.5654    40.2241    28.5978     6.4623    7.08410    7.09749     91.051     0.4323     0.7112 1.0000e-12    89.4243     0.4471      8.181   186.4494     30.411    20.5595    20.5595      20.24  1028.7295    28.5994  0.000e+00
     30.243    20.5655    40.2241    28.5978     6.4625    7.08408    7.09748     91.053     0.4323     0.7112 1.0000e-12    89.4243     0.4471      8.186   186.4494     30.443    20.5596    20.5596      20.23  1028.7296    28.5994  0.000e+00
     30.212    20.5656    40.2240    28.5977     6.4626    7.08408    7.09748     91.055     0.4323     0.7051 1.0000e-12    89.4243     0.4471      8.181   186.4494     30.411    20.5597    20.5597      20.23  1028.7294    28.5993  0.000e+00
     30.267    20.5654    40.2239    28.5976     6.4626    7.08411    7.09750     91.054     0.4323     0.7112 1.0000e-12    89.4514     0.4459      8.186   186.4494     30.466    20.5595    20.5595      20.24  1028.7296    28.5993  0.000e+00
     30.267    20.5653    40.2239    28.5977     6.4628    7.08412    7.09751     91.058     0.4323     0.7112 1.0000e-12    89.4243     0.4471      8.181   186.4494     30.466    20.5594    20.5594      20.23  1028.7296    28.5993  0.000e+00
     30.243    20.5654    40.2241    28.5978     6.4631    7.08410    7.09749     91.061     0.4323     0.7051 1.0000e-12    89.4243     0.4471      8.181   186.4494     30.443    20.5595    20.5595      20.23  1028.7296    28.5994  0.000e+00
     30.267    20.5652    40.2243    28.5981     6.4634    7.08411    7.09751     91.066     0.4323     0.7051 1.0000e-12    89.4243     0.4471      8.181   186.4494     30.466    20.5593    20.5593      20.23  1028.7300    28.5997  0.000e+00
     30.329    20.5653    40.2242    28.5979     6.4638    7.08410    7.09750     91.072     0.4323     0.7051 1.0000e-12    89.4243     0.4471      8.181   186.4494     30.529    20.5594    20.5594      20.22  1028.7301    28.5995  0.000e+00
     30.384    20.5652    40.2244    28.5981     6.4643    7.08411    7.09751     91.078     0.4323     0.7051 1.0000e-12    89.4514     0.4459      8.181   186.4494     30.584    20.5593    20.5593      20.23  1028.7305    28.5997  0.000e+00
     30.306    20.5653    40.2243    28.5980     6.4646    7.08410    7.09750     91.083     0.4323     0.7112 1.0000e-12    89.4243     0.4471      8.181   186.4494     30.506    20.5594    20.5594      20.23  1028.7301    28.5996  0.000e+00
     30.384    20.5652    40.2240    28.5978     6.4649    7.08413    7.09753     91.087     0.4323     0.7112 1.0000e-12    89.4514     0.4459      8.181   186.4494     30.584    20.5593    20.5593      20.23  1028.7302    28.5994  0.000e+00
     30.329    20.5652    40.2239    28.5977     6.4700    7.08413    7.09753     91.158     0.4323     0.7051 1.0000e-12    89.4243     0.4471      8.181   186.4494     30.529    20.5593    20.5593      20.23  1028.7300    28.5994  0.000e+00
     30.384    20.5651    40.2243    28.5980     6.4708    7.08412    7.09752     91.170     0.4323     0.7112 1.0000e-12    89.4243     0.4471      8.181   186.4494     30.584    20.5592    20.5592      20.23  1028.7305    28.5997  0.000e+00
     30.423    20.5654    40.2241    28.5978     6.4717    7.08410    7.09749     91.183     0.4323     0.7356 1.0000e-12    89.4243     0.4471      8.181   186.4494     30.624    20.5595    20.5595      20.23  1028.7305    28.5995  0.000e+00
     30.439    20.5650    40.2245    28.5983     6.4726    7.08413    7.09753     91.195     0.4323     0.7478 1.0000e-12    89.4243     0.4471      8.181   186.4494     30.640    20.5590    20.5590      20.23  1028.7310    28.5999  0.000e+00
     30.439    20.5648    40.2246    28.5984     6.4730    7.08415    7.09755     91.201     0.4323     0.7478 1.0000e-12    89.4243     0.4471      8.181   186.4494     30.640    20.5589    20.5589      20.23  1028.7310    28.6000  0.000e+00
     30.439    20.5648    40.2246    28.5984     6.4737    7.08415    7.09755     91.210     0.4323     0.7478 1.0000e-12    89.4243     0.4471      8.181   186.4494     30.640    20.5589    20.5589      20.23  1028.7310    28.6000  0.000e+00
     30.478    20.5648    40.2244    28.5982     6.4789    7.08416    7.09756     91.284     0.4323     0.7539 1.0000e-12    89.3971     0.4483      8.186   186.4494     30.679    20.5588    20.5588      20.24  1028.7311    28.5998  0.000e+00
     30.384    20.5650    40.2247    28.5984     6.4798    7.08412    7.09752     91.296     0.4323     0.7478 1.0000e-12    89.3699     0.4495      8.181   186.4494     30.584    20.5591    20.5591      20.23  1028.7308    28.6000  0.000e+00
     30.556    20.5650    40.2245    28.5982     6.4806    7.08413    7.09753     91.308     0.4323     0.7539 1.0000e-12    89.3699     0.4495      8.181   186.4494     30.758    20.5591    20.5591      20.24  1028.7314    28.5998  0.000e+00
     30.501    20.5650    40.2248    28.5985     6.4812    7.08413    7.09752     91.317     0.4323     0.7539 1.0000e-12    89.3699     0.4495      8.186   186.4494     30.703    20.5590    20.5590      20.23  1028.7314    28.6001  0.000e+00
     30.532    20.5648    40.2247    28.5984     6.4863    7.08415    7.09754     91.387     0.4323     0.7478 1.0000e-12    89.3699     0.4495      8.181   186.4494     30.734    20.5589    20.5589      20.23  1028.7315    28.6001  0.000e+00
     30.556    20.5648    40.2249    28.5986     6.4872    7.08414    7.09754     91.401     0.4323     0.7478 1.0000e-12    89.3699     0.4495      8.181   186.4494     30.758    20.5588    20.5588      20.23  1028.7318    28.6003  0.000e+00
     30.501    20.5643    40.2252    28.5989     6.4924    7.08419    7.09759     91.473     0.4323     0.7539 1.0000e-12    89.3699     0.4495      8.186   186.4494     30.703    20.5584    20.5584      20.23  1028.7319    28.6006  0.000e+00
     30.595    20.5645    40.2249    28.5987     6.4936    7.08418    7.09758     91.491     0.4323     0.7478 1.0000e-12    89.3699     0.4495      8.181   186.4494     30.797    20.5585    20.5585      20.23  1028.7320    28.6003  0.000e+00
     30.618    20.5639    40.2255    28.5993     6.4948    7.08423    7.09763     91.507     0.4323     0.7539 1.0000e-12    89.3699     0.4495      8.181   186.4494     30.821    20.5579    20.5579      20.23  1028.7328    28.6009  0.000e+00
     30.556    20.5641    40.2253    28.5991     6.4956    7.08421    7.09761     91.518     0.4323     0.7478 1.0000e-12    89.3699     0.4495      8.181   187.0554     30.758    20.5582    20.5582      20.23  1028.7323    28.6007  0.000e+00
     30.673    20.5642    40.2251    28.5989     6.4964    7.08420    7.09760     91.530     0.4323     0.7539 1.0000e-12    89.3699     0.4495      8.181   186.4494     30.876    20.5583    20.5583      20.23  1028.7326    28.6006  0.000e+00
     30.595    20.5641    40.2258    28.5995     6.4971    7.08419    7.09759     91.540     0.4323     0.7478 1.0000e-12    89.3699     0.4495      8.181   186.4494     30.797    20.5582    20.5582      20.23  1028.7328    28.6011  0.000e+00
     30.673    20.5641    40.2254    28.5991     6.4979    7.08421    7.09760     91.551     0.4323     0.7539 1.0000e-12    89.3699     0.4495      8.181   186.4494     30.876    20.5581    20.5581      20.23  1028.7329    28.6008  0.000e+00
     30.673    20.5641    40.2256    28.5993     6.4986    7.08421    7.09760     91.561     0.4323     0.7478 1.0000e-12    89.3699     0.4495      8.186   186.4494     30.876    20.5581    20.5581      20.24  1028.7330    28.6009  0.000e+00
     30.673    20.5639    40.2258    28.5995     6.4990    7.08421    7.09761     91.566     0.4323     0.7478 1.0000e-12    89.3699     0.4495      8.181   186.4494     30.876    20.5580    20.5580      20.23  1028.7332    28.6012  0.000e+00
     30.650    20.5638    40.2259    28.5997     6.4994    7.08423    7.09763     91.571     0.4323     0.7478 1.0000e-12    89.3699     0.4495      8.181   186.4494     30.852    20.5578    20.5578      20.24  1028.7333    28.6013  0.000e+00
     30.728    20.5639    40.2255    28.5993     6.4997    7.08423    7.09763     91.576     0.4323     0.7539 1.0000e-12    89.3699     0.4495      8.181   187.0554     30.931    20.5579    20.5579      20.23  1028.7333    28.6010  0.000e+00
     30.728    20.5634    40.2259    28.5997     6.5003    7.08428    7.09767     91.584     0.4323     0.7539 1.0000e-12    89.3699     0.4495      8.181   186.4494     30.931    20.5574    20.5574      20.24  1028.7337    28.6014  0.000e+00
     30.728    20.5637    40.2262    28.5999     6.5005    7.08423    7.09762     91.587     0.4323     0.7539 1.0000e-12    89.3699     0.4495      8.181   186.4494     30.931    20.5577    20.5577      20.23  1028.7338    28.6015  0.000e+00
     30.822    20.5634    40.2261    28.5999     6.5008    7.08427    7.09767     91.591     0.4323     0.7478 1.0000e-12    89.3699     0.4495      8.181   186.4494     31.025    20.5574    20.5574      20.23  1028.7342    28.6015  0.000e+00
     30.728    20.5638    40.2258    28.5995     6.5008    7.08424    7.09763     91.591     0.4323     0.7478 1.0000e-12    89.3699     0.4495      8.181   186.4494     30.931    20.5578    20.5578      20.23  1028.7335    28.6012  0.000e+00
     30.791    20.5637    40.2259    28.5997     6.5012    7.08424    7.09763     91.597     0.4323     0.7539 1.0000e-12    89.3699     0.4495      8.181   187.0554     30.994    20.5577    20.5577      20.24  1028.7339    28.6013  0.000e+00
     30.791    20.5636    40.2261    28.5998     6.5016    7.08425    7.09764     91.602     0.4323     0.7539 1.0000e-12    89.3699     0.4495      8.181   187.0554     30.994    20.5576    20.5576      20.24  1028.7341    28.6015  0.000e+00
     30.822    20.5636    40.2261    28.5998     6.5019    7.08425    7.09764     91.607     0.4201     0.7600 1.0000e-12    89.3699     0.4495      8.181   186.4494     31.025    20.5576    20.5576      20.23  1028.7342    28.6015  0.000e+00
     30.845    20.5635    40.2257    28.5996     6.5022    7.08427    7.09766     91.611     0.4201     0.7600 1.0000e-12    89.3699     0.4495      8.181   187.0554     31.049    20.5575    20.5575      20.23  1028.7340    28.6012  0.000e+00
     30.908    20.5634    40.2255    28.5994     6.4977    7.08429    7.09769     91.547     0.4201     0.7539 1.0000e-12    89.3699     0.4495      8.181   186.4494     31.112    20.5574    20.5574      20.23  1028.7342    28.6011  0.000e+00
     30.822    20.5630    40.2264    28.6003     6.4976    7.08431    7.09770     91.545     0.4201     0.7539 1.0000e-12    89.3699     0.4495      8.181   187.0554     31.025    20.5570    20.5570      20.23  1028.7346    28.6019  0.000e+00
     30.908    20.5631    40.2266    28.6003     6.5019    7.08429    7.09769     91.606     0.4201     0.7600 1.0000e-12    89.3699     0.4495      8.181   187.0554     31.112    20.5570    20.5570      20.23  1028.7351    28.6020  0.000e+00
