Data/RVJanan08403.cnv
* Sea-Bird SBE 9 Data File:
* FileName = C:\CruiseData\CTD911\RVJanan084\Hex\RVJanan08403.hex
* Software Version Seasave V 7.26.7.121
* Temperature SN = 5958
* Conductivity SN = 3674
* Number of Bytes Per Scan = 37
* Number of Voltage Words = 4
* Number of Scans Averaged by the Deck Unit = 1
* NMEA Latitude = 25 31.33 N
* NMEA Longitude = 052 31.18 E
* NMEA UTC (Time) = Mar 07 2020  12:20:19
* NMEA baud rate = 4800
** Ship: R/V JANAN
** Cruise: NPRP10Restore04-March2020
** Station: Maydan Mahzen reef
** Bottom Depth [m]: 27
** Operator: MD
# nquan = 22
# nvalues = 4242                                  
# units = specified
# name 0 = depSM: Depth [salt water, m]
# name 1 = t090C: Temperature [ITS-90, deg C]
# name 2 = sal00: Salinity, Practical [PSU]
# name 3 = sigma-t00: Density [sigma-t, kg/m^3 ]
# name 4 = sbeox0Mg/L: Oxygen, SBE 43 [mg/l]
# name 5 = oxsatMg/L: Oxygen Saturation, Weiss [mg/l]
# name 6 = oxsolMg/L: Oxygen Saturation, Garcia & Gordon [mg/l]
# name 7 = sbeox0PS: Oxygen, SBE 43 [% saturation]
# name 8 = flECO-AFL: Fluorescence, WET Labs ECO-AFL/FL [mg/m^3]
# name 9 = turbWETntu0: Turbidity, WET Labs ECO [NTU]
# name 10 = par: PAR/Irradiance, Biospherical/Licor
# name 11 = xmiss: Beam Transmission, Chelsea/Seatech [%]
# name 12 = bat: Beam Attenuation, Chelsea/Seatech [1/m]
# name 13 = ph: pH
# name 14 = orp: Oxidation Reduction Potential [mV]
# name 15 = prDM: Pressure, Digiquartz [db]
# name 16 = potemp090C: Potential Temperature [ITS-90, deg C]
# name 17 = pta090C: Potential Temperature Anomaly [ITS-90, deg C], a0 = 0, a1 = 0
# name 18 = ptempC: Pressure Temperature [deg C]
# name 19 = density00: Density [density, kg/m^3]
# name 20 = sigma-é00: Density [sigma-theta, kg/m^3]
# name 21 = flag:  0.000e+00
# span 0 =     -0.258,     25.755                 
# span 1 =    20.5885,    22.4768                 
# span 2 =     3.4310,    40.2652                 
# span 3 =     0.3316,    28.6228                 
# span 4 =     6.6315,     8.4789                 
# span 5 =    6.84934,    8.52523                 
# span 6 =    6.86429,    8.54330                 
# span 7 =     93.565,    100.309                 
# span 8 =     0.1759,     1.0428                 
# span 9 =    -0.0520,     0.7112                 
# span 10 = 1.0000e-12, 1.0000e-12                
# span 11 =    66.9867,    94.9657                
# span 12 =     0.2066,     1.6027                
# span 13 =      8.189,      8.229                
# span 14 =   254.9255,   262.1973                
# span 15 =     -0.260,     25.925                
# span 16 =    20.5835,    22.4767                
# span 17 =    20.5835,    22.4767                
# span 18 =      24.13,      24.37                
# span 19 =  1000.3307,  1028.7341                
# span 20 =     0.3316,    28.6242                
# span 21 = 0.0000e+00, 0.0000e+00                
# interval = seconds: 0.0416667
# start_time = Mar 07 2020 12:20:19 [NMEA time, header]
# bad_flag = -9.990e-29
*END*
[from data line 1186]
     16.091    20.8230    40.1493    28.4693     6.8265    7.05432    7.06798     96.584     0.6032     0.3143 1.0000e-12    94.3953     0.2307      8.217   258.5614     16.197    20.8198    20.8198      24.19  1028.5394    28.4701  0.000e+00
     15.920    20.8229    40.1495    28.4694     6.8211    7.05432    7.06798     96.507     0.6032     0.3082 1.0000e-12    94.3953     0.2307      8.217   257.9554     16.024    20.8198    20.8198      24.19  1028.5388    28.4703  0.000e+00
     16.029    20.8229    40.1497    28.4696     6.8245    7.05431    7.06797     96.555     0.6032     0.3204 1.0000e-12    94.3953     0.2307      8.217   258.5614     16.134    20.8198    20.8198      24.19  1028.5395    28.4705  0.000e+00
     16.092    20.8232    40.1496    28.4695     6.8238    7.05429    7.06795     96.545     0.5910     0.3143 1.0000e-12    94.3953     0.2307      8.217   258.5614     16.197    20.8200    20.8200      24.19  1028.5396    28.4704  0.000e+00
     16.029    20.8235    40.1496    28.4694     6.8187    7.05425    7.06791     96.474     0.5910     0.3143 1.0000e-12    94.3953     0.2307      8.217   258.5614     16.134    20.8203    20.8203      24.19  1028.5392    28.4703  0.000e+00
     16.099    20.8237    40.1488    28.4687     6.8180    7.05426    7.06792     96.464     0.5910     0.3143 1.0000e-12    94.3953     0.2307      8.217   257.9554     16.205    20.8205    20.8205      24.19  1028.5388    28.4696  0.000e+00
     16.029    20.8237    40.1487    28.4686     6.8217    7.05426    7.06792     96.517     0.5910     0.3204 1.0000e-12    94.4496     0.2284      8.217   258.5614     16.134    20.8206    20.8206      24.19  1028.5385    28.4695  0.000e+00
     16.092    20.8242    40.1485    28.4684     6.8167    7.05420    7.06786     96.447     0.5910     0.3143 1.0000e-12    94.4768     0.2273      8.217   258.5614     16.197    20.8210    20.8210      24.19  1028.5385    28.4692  0.000e+00
     16.146    20.8242    40.1486    28.4684     6.8161    7.05420    7.06786     96.438     0.5910     0.3143 1.0000e-12    94.5039     0.2261      8.217   258.5614     16.252    20.8210    20.8210      24.19  1028.5388    28.4693  0.000e+00
     16.092    20.8242    40.1484    28.4682     6.8153    7.05421    7.06787     96.427     0.5910     0.3204 1.0000e-12    94.4768     0.2273      8.217   258.5614     16.197    20.8211    20.8211      24.19  1028.5383    28.4691  0.000e+00
     16.146    20.8231    40.1487    28.4688     6.8103    7.05433    7.06799     96.354     0.5910     0.3143 1.0000e-12    94.4768     0.2273      8.217   258.5614     16.252    20.8200    20.8200      24.19  1028.5391    28.4697  0.000e+00
     16.146    20.8213    40.1497    28.4701     6.8096    7.05452    7.06818     96.341     0.5910     0.3204 1.0000e-12    94.4768     0.2273      8.217   257.9554     16.252    20.8181    20.8181      24.19  1028.5404    28.4709  0.000e+00
     16.146    20.8201    40.1501    28.4707     6.8045    7.05465    7.06831     96.268     0.5910     0.3143 1.0000e-12    94.4768     0.2273      8.217   257.9554     16.252    20.8170    20.8170      24.19  1028.5411    28.4716  0.000e+00
     16.209    20.8186    40.1512    28.4720     6.8039    7.05480    7.06845     96.257     0.5910     0.3143 1.0000e-12    94.4768     0.2273      8.217   257.9554     16.315    20.8154    20.8154      24.19  1028.5426    28.4728  0.000e+00
     16.209    20.8181    40.1516    28.4724     6.8079    7.05486    7.06851     96.313     0.5910     0.3204 1.0000e-12    94.4768     0.2273      8.217   257.9554     16.315    20.8149    20.8149      24.19  1028.5430    28.4733  0.000e+00
     16.147    20.8178    40.1524    28.4731     6.8028    7.05486    7.06851     96.241     0.5910     0.3143 1.0000e-12    94.4768     0.2273      8.217   257.9554     16.252    20.8146    20.8146      24.19  1028.5434    28.4739  0.000e+00
     16.272    20.8184    40.1521    28.4726     6.8024    7.05479    7.06844     96.236     0.5910     0.3143 1.0000e-12    94.4768     0.2273      8.217   257.9554     16.378    20.8153    20.8153      24.19  1028.5435    28.4735  0.000e+00
     16.264    20.8192    40.1518    28.4723     6.8016    7.05471    7.06836     96.227     0.5910     0.3143 1.0000e-12    94.4768     0.2273      8.217   257.9554     16.370    20.8160    20.8160      24.19  1028.5431    28.4732  0.000e+00
     16.264    20.8197    40.1517    28.4720     6.8012    7.05464    7.06830     96.221     0.5910     0.3143 1.0000e-12    94.4768     0.2273      8.217   258.5614     16.370    20.8165    20.8165      24.19  1028.5429    28.4729  0.000e+00
     16.264    20.8199    40.1507    28.4712     6.8007    7.05466    7.06832     96.213     0.5910     0.3204 1.0000e-12    94.4768     0.2273      8.217   258.5614     16.370    20.8167    20.8167      24.19  1028.5421    28.4721  0.000e+00
     16.264    20.8184    40.1501    28.4712     6.8006    7.05487    7.06852     96.210     0.5910     0.3204 1.0000e-12    94.4768     0.2273      8.217   258.5614     16.370    20.8153    20.8153      24.19  1028.5420    28.4720  0.000e+00
     16.319    20.8173    40.1514    28.4724     6.7960    7.05496    7.06861     96.143     0.5910     0.3143 1.0000e-12    94.4768     0.2273      8.212   257.9554     16.426    20.8141    20.8141      24.19  1028.5435    28.4733  0.000e+00
     16.319    20.8176    40.1520    28.4728     6.8001    7.05490    7.06855     96.202     0.5910     0.3204 1.0000e-12    94.4768     0.2273      8.217   257.9554     16.426    20.8144    20.8144      24.19  1028.5439    28.4737  0.000e+00
     16.319    20.8172    40.1521    28.4730     6.7955    7.05495    7.06860     96.136     0.5910     0.3143 1.0000e-12    94.4768     0.2273      8.217   258.5614     16.426    20.8140    20.8140      24.19  1028.5441    28.4739  0.000e+00
     16.319    20.8163    40.1518    28.4731     6.8047    7.05507    7.06872     96.264     0.5910     0.3143 1.0000e-12    94.4768     0.2273      8.217   257.9554     16.426    20.8131    20.8131      24.19  1028.5442    28.4739  0.000e+00
     16.381    20.8147    40.1527    28.4742     6.8006    7.05523    7.06888     96.205     0.5910     0.3143 1.0000e-12    94.4768     0.2273      8.217   257.9554     16.489    20.8115    20.8115      24.19  1028.5456    28.4751  0.000e+00
     16.381    20.8134    40.1534    28.4751     6.8009    7.05538    7.06902     96.206     0.5910     0.3143 1.0000e-12    94.4224     0.2296      8.212   257.9554     16.489    20.8102    20.8102      24.19  1028.5465    28.4760  0.000e+00
     16.381    20.8127    40.1541    28.4758     6.8058    7.05544    7.06908     96.276     0.5910     0.3204 1.0000e-12    94.4224     0.2296      8.217   257.9554     16.489    20.8095    20.8095      24.19  1028.5472    28.4767  0.000e+00
     16.389    20.8121    40.1549    28.4766     6.8018    7.05548    7.06913     96.218     0.5910     0.3082 1.0000e-12    94.4224     0.2296      8.212   257.9554     16.497    20.8088    20.8088      24.19  1028.5480    28.4774  0.000e+00
     16.436    20.8119    40.1550    28.4767     6.8021    7.05549    7.06914     96.222     0.5910     0.3082 1.0000e-12    94.4224     0.2296      8.212   258.5614     16.544    20.8087    20.8087      24.19  1028.5483    28.4776  0.000e+00
     16.436    20.8116    40.1552    28.4770     6.8072    7.05553    7.06918     96.294     0.6276     0.3082 1.0000e-12    94.4224     0.2296      8.217   258.5614     16.544    20.8083    20.8083      24.19  1028.5486    28.4779  0.000e+00
     16.436    20.8117    40.1549    28.4767     6.8033    7.05552    7.06917     96.239     0.6521     0.3021 1.0000e-12    94.4224     0.2296      8.217   258.5614     16.544    20.8085    20.8085      24.19  1028.5483    28.4776  0.000e+00
     16.499    20.8115    40.1549    28.4768     6.8037    7.05556    7.06920     96.245     0.6521     0.3021 1.0000e-12    94.4224     0.2296      8.217   257.9554     16.607    20.8082    20.8082      24.19  1028.5486    28.4777  0.000e+00
     16.499    20.8110    40.1551    28.4771     6.8042    7.05560    7.06925     96.251     0.6521     0.3082 1.0000e-12    94.4224     0.2296      8.217   258.5614     16.607    20.8078    20.8078      24.19  1028.5489    28.4780  0.000e+00
     16.499    20.8107    40.1551    28.4771     6.8045    7.05565    7.06929     96.255     0.6398     0.3021 1.0000e-12    94.3953     0.2307      8.217   258.5614     16.607    20.8074    20.8074      24.19  1028.5490    28.4780  0.000e+00
     16.499    20.8101    40.1552    28.4774     6.8049    7.05572    7.06937     96.259     0.6521     0.3082 1.0000e-12    94.4224     0.2296      8.217   258.5614     16.607    20.8068    20.8068      24.19  1028.5493    28.4783  0.000e+00
     16.554    20.8094    40.1550    28.4774     6.8053    7.05582    7.06946     96.264     0.6521     0.3021 1.0000e-12    94.4224     0.2296      8.217   257.9554     16.662    20.8062    20.8062      24.19  1028.5495    28.4783  0.000e+00
     16.554    20.8083    40.1563    28.4787     6.8103    7.05590    7.06954     96.333     0.6398     0.3082 1.0000e-12    94.4224     0.2296      8.217   258.5614     16.662    20.8051    20.8051      24.19  1028.5508    28.4796  0.000e+00
     16.554    20.8078    40.1569    28.4793     6.8062    7.05594    7.06959     96.275     0.6521     0.3021 1.0000e-12    94.4224     0.2296      8.217   258.5614     16.662    20.8045    20.8045      24.19  1028.5514    28.4802  0.000e+00
     16.554    20.8076    40.1572    28.4796     6.8067    7.05596    7.06960     96.281     0.6521     0.3021 1.0000e-12    94.4224     0.2296      8.217   257.9554     16.662    20.8043    20.8043      24.19  1028.5517    28.4805  0.000e+00
     16.554    20.8076    40.1569    28.4793     6.8071    7.05597    7.06961     96.287     0.6521     0.2960 1.0000e-12    94.4224     0.2296      8.212   257.9554     16.662    20.8044    20.8044      24.19  1028.5515    28.4802  0.000e+00
     16.624    20.8069    40.1571    28.4797     6.8075    7.05605    7.06969     96.292     0.6521     0.3021 1.0000e-12    94.4224     0.2296      8.217   258.5614     16.733    20.8036    20.8036      24.19  1028.5521    28.4806  0.000e+00
     16.608    20.8059    40.1577    28.4804     6.8122    7.05615    7.06979     96.356     0.6521     0.3082 1.0000e-12    94.4224     0.2296      8.217   257.9554     16.717    20.8027    20.8027      24.19  1028.5528    28.4813  0.000e+00
     16.671    20.8053    40.1581    28.4809     6.8128    7.05621    7.06986     96.364     0.6521     0.3021 1.0000e-12    94.4224     0.2296      8.217   258.5614     16.780    20.8020    20.8020      24.19  1028.5535    28.4818  0.000e+00
     16.671    20.8051    40.1583    28.4811     6.8134    7.05623    7.06987     96.372     0.6521     0.3021 1.0000e-12    94.4224     0.2296      8.212   257.9554     16.780    20.8018    20.8018      24.19  1028.5538    28.4820  0.000e+00
     16.608    20.8049    40.1586    28.4814     6.8188    7.05624    7.06988     96.448     0.6521     0.3082 1.0000e-12    94.3953     0.2307      8.217   257.9554     16.717    20.8016    20.8016      24.19  1028.5537    28.4823  0.000e+00
     16.726    20.8052    40.1581    28.4809     6.8152    7.05622    7.06986     96.397     0.6521     0.3021 1.0000e-12    94.3681     0.2319      8.217   257.9554     16.835    20.8019    20.8019      24.19  1028.5538    28.4818  0.000e+00
     16.671    20.8047    40.1578    28.4809     6.8158    7.05629    7.06993     96.406     0.6521     0.2960 1.0000e-12    94.3410     0.2330      8.217   258.5614     16.780    20.8015    20.8015      24.19  1028.5535    28.4818  0.000e+00
     16.726    20.8042    40.1580    28.4812     6.8118    7.05635    7.06999     96.348     0.6521     0.2960 1.0000e-12    94.3410     0.2330      8.217   258.5614     16.835    20.8009    20.8009      24.19  1028.5541    28.4821  0.000e+00
     16.726    20.8031    40.1584    28.4818     6.8169    7.05648    7.07012     96.418     0.6521     0.3021 1.0000e-12    94.3410     0.2330      8.217   258.5614     16.835    20.7998    20.7998      24.19  1028.5546    28.4827  0.000e+00
     16.726    20.8025    40.1589    28.4823     6.8219    7.05653    7.07017     96.488     0.6521     0.3082 1.0000e-12    94.3410     0.2330      8.217   258.5614     16.835    20.7992    20.7992      24.19  1028.5552    28.4832  0.000e+00
     16.781    20.8015    40.1597    28.4832     6.8184    7.05663    7.07027     96.438     0.6521     0.3021 1.0000e-12    94.3410     0.2330      8.217   257.9554     16.890    20.7982    20.7982      24.19  1028.5563    28.4841  0.000e+00
     16.781    20.8002    40.1605    28.4841     6.8193    7.05676    7.07039     96.448     0.6521     0.3021 1.0000e-12    94.3138     0.2342      8.217   258.5614     16.891    20.7969    20.7969      24.19  1028.5572    28.4850  0.000e+00
     16.781    20.7990    40.1612    28.4851     6.8199    7.05689    7.07052     96.455     0.6521     0.2960 1.0000e-12    94.3410     0.2330      8.217   258.5614     16.891    20.7957    20.7957      24.19  1028.5582    28.4860  0.000e+00
     16.796    20.7978    40.1621    28.4860     6.8205    7.05699    7.07062     96.462     0.6521     0.3021 1.0000e-12    94.3410     0.2330      8.217   257.9554     16.906    20.7946    20.7946      24.19  1028.5592    28.4869  0.000e+00
     16.781    20.7981    40.1619    28.4859     6.8167    7.05697    7.07060     96.409     0.6521     0.2960 1.0000e-12    94.3410     0.2330      8.217   257.9554     16.891    20.7948    20.7948      24.19  1028.5590    28.4868  0.000e+00
     16.843    20.7979    40.1621    28.4861     6.8170    7.05698    7.07062     96.413     0.6521     0.3021 1.0000e-12    94.3410     0.2330      8.217   257.9554     16.954    20.7946    20.7946      24.19  1028.5595    28.4870  0.000e+00
     16.898    20.7981    40.1618    28.4858     6.8219    7.05697    7.07061     96.482     0.6521     0.3143 1.0000e-12    94.3410     0.2330      8.217   258.5614     17.009    20.7948    20.7948      24.19  1028.5594    28.4867  0.000e+00
     16.843    20.7978    40.1619    28.4859     6.8179    7.05700    7.07063     96.425     0.6521     0.3082 1.0000e-12    94.3410     0.2330      8.217   257.9554     16.954    20.7945    20.7945      24.19  1028.5593    28.4868  0.000e+00
     16.898    20.7981    40.1618    28.4857     6.8179    7.05698    7.07061     96.426     0.6521     0.3143 1.0000e-12    94.3410     0.2330      8.217   257.9554     17.009    20.7948    20.7948      24.19  1028.5594    28.4866  0.000e+00
     16.843    20.7977    40.1614    28.4856     6.8226    7.05704    7.07067     96.491     0.6521     0.3204 1.0000e-12    94.3410     0.2330      8.212   257.9554     16.954    20.7944    20.7944      24.19  1028.5590    28.4865  0.000e+00
     16.961    20.7963    40.1622    28.4866     6.8183    7.05719    7.07082     96.429     0.6521     0.3204 1.0000e-12    94.3410     0.2330      8.212   258.5614     17.072    20.7929    20.7929      24.19  1028.5605    28.4875  0.000e+00
     16.898    20.7950    40.1627    28.4873     6.8182    7.05733    7.07096     96.426     0.6521     0.3143 1.0000e-12    94.3410     0.2330      8.212   257.9554     17.009    20.7917    20.7917      24.19  1028.5609    28.4882  0.000e+00
     16.961    20.7932    40.1628    28.4879     6.8186    7.05755    7.07118     96.428     0.6521     0.3143 1.0000e-12    94.3410     0.2330      8.217   257.9554     17.072    20.7899    20.7899      24.19  1028.5618    28.4888  0.000e+00
     16.961    20.7907    40.1645    28.4899     6.8186    7.05781    7.07143     96.425     0.6521     0.3204 1.0000e-12    94.3410     0.2330      8.217   257.9554     17.072    20.7873    20.7873      24.19  1028.5638    28.4908  0.000e+00
