Data/RVJanan08102.cnv
* Sea-Bird SBE 9 Data File:
* FileName = C:\CruiseData\CTD911\RVJanan081\Hex\RVJanan08102.hex
* Software Version Seasave V 7.26.7.121
* Temperature SN = 5958
* Conductivity SN = 3674
* Number of Bytes Per Scan = 37
* Number of Voltage Words = 4
* Number of Scans Averaged by the Deck Unit = 1
* NMEA Latitude = 26 30.50 N
* NMEA Longitude = 051 17.22 E
* NMEA UTC (Time) = Jan 18 2020  05:54:29
* NMEA baud rate = 4800
** Ship: R/V JANAN
** Cruise: NPRP10Restore03-Jan20
** Station: Umm Al-Arshan
** Bottom Depth [m]: 20
** Operator: MD
# nquan = 22
# nvalues = 3210                                  
# units = specified
# name 0 = depSM: Depth [salt water, m]
# name 1 = t090C: Temperature [ITS-90, deg C]
# name 2 = sal00: Salinity, Practical [PSU]
# name 3 = sigma-t00: Density [sigma-t, kg/m^3 ]
# name 4 = sbeox0Mg/L: Oxygen, SBE 43 [mg/l]
# name 5 = oxsatMg/L: Oxygen Saturation, Weiss [mg/l]
# name 6 = oxsolMg/L: Oxygen Saturation, Garcia & Gordon [mg/l]
# name 7 = sbeox0PS: Oxygen, SBE 43 [% saturation]
# name 8 = flECO-AFL: Fluorescence, WET Labs ECO-AFL/FL [mg/m^3]
# name 9 = turbWETntu0: Turbidity, WET Labs ECO [NTU]
# name 10 = par: PAR/Irradiance, Biospherical/Licor
# name 11 = xmiss: Beam Transmission, Chelsea/Seatech [%]
# name 12 = bat: Beam Attenuation, Chelsea/Seatech [1/m]
# name 13 = ph: pH
# name 14 = orp: Oxidation Reduction Potential [mV]
# name 15 = prDM: Pressure, Digiquartz [db]
# name 16 = potemp090C: Potential Temperature [ITS-90, deg C]
# name 17 = pta090C: Potential Temperature Anomaly [ITS-90, deg C], a0 = 0, a1 = 0
# name 18 = ptempC: Pressure Temperature [deg C]
# name 19 = density00: Density [density, kg/m^3]
# name 20 = sigma-é00: Density [sigma-theta, kg/m^3]
# name 21 = flag:  0.000e+00
# span 0 =      0.033,     19.066                 
# span 1 =    20.5820,    21.3523                 
# span 2 =     2.4338,    40.4387                 
# span 3 =    -0.1406,    28.6508                 
# span 4 =     6.4129,     8.3461                 
# span 5 =    6.97882,    8.78398                 
# span 6 =    6.99290,    8.80110                 
# span 7 =     91.116,     95.916                 
# span 8 =    -0.2637,     0.9207                 
# span 9 =    -0.3450,    24.6550                 
# span 10 = 1.0000e-12, 1.0000e-12                
# span 11 =    78.5386,    92.3140                
# span 12 =     0.3199,     0.9663                
# span 13 =      8.084,      8.119                
# span 14 =   263.4093,   271.8930                
# span 15 =      0.033,     19.193                
# span 16 =    20.5819,    21.3523                
# span 17 =    20.5819,    21.3523                
# span 18 =      18.80,      18.86                
# span 19 =   999.8601,  1028.7314                
# span 20 =    -0.1406,    28.6517                
# span 21 = 0.0000e+00, 0.0000e+00                
# interval = seconds: 0.0416667
# start_time = Jan 18 2020 05:54:29 [NMEA time, header]
# bad_flag = -9.990e-29
*END*
[from data line 1844]
     18.895    20.9691    40.4358    28.6473     6.4744    7.02399    7.03772     91.995     0.5422     0.6013 1.0000e-12    91.3397     0.3623      8.093   267.0452     19.020    20.9654    20.9654      18.82  1028.7296    28.6484  0.000e+00
     18.817    20.9693    40.4358    28.6473     6.4744    7.02397    7.03770     91.996     0.5422     0.6074 1.0000e-12    91.3397     0.3623      8.093   267.0452     18.941    20.9656    20.9656      18.82  1028.7292    28.6483  0.000e+00
     18.832    20.9691    40.4353    28.6470     6.4791    7.02401    7.03774     92.063     0.5422     0.6074 1.0000e-12    91.3397     0.3623      8.093   267.0452     18.957    20.9654    20.9654      18.82  1028.7290    28.6480  0.000e+00
     18.832    20.9682    40.4354    28.6473     6.4751    7.02412    7.03785     92.004     0.5422     0.6013 1.0000e-12    91.3397     0.3623      8.093   267.0452     18.957    20.9645    20.9645      18.82  1028.7292    28.6483  0.000e+00
     18.832    20.9678    40.4359    28.6477     6.4753    7.02415    7.03788     92.006     0.5422     0.6074 1.0000e-12    91.3397     0.3623      8.093   267.0452     18.957    20.9641    20.9641      18.82  1028.7297    28.6488  0.000e+00
     18.832    20.9684    40.4357    28.6475     6.4753    7.02408    7.03781     92.007     0.5422     0.6074 1.0000e-12    91.3397     0.3623      8.093   267.0452     18.957    20.9647    20.9647      18.82  1028.7295    28.6485  0.000e+00
     18.832    20.9688    40.4357    28.6474     6.4753    7.02403    7.03777     92.009     0.5422     0.6013 1.0000e-12    91.3397     0.3623      8.093   267.0452     18.957    20.9650    20.9650      18.82  1028.7294    28.6484  0.000e+00
     18.895    20.9691    40.4360    28.6475     6.4802    7.02398    7.03771     92.078     0.5422     0.6074 1.0000e-12    91.3397     0.3623      8.093   267.0452     19.020    20.9654    20.9654      18.82  1028.7297    28.6485  0.000e+00
     18.832    20.9691    40.4360    28.6475     6.4762    7.02398    7.03771     92.022     0.5422     0.6013 1.0000e-12    91.2856     0.3647      8.093   267.0452     18.957    20.9654    20.9654      18.82  1028.7295    28.6485  0.000e+00
     18.778    20.9696    40.4357    28.6471     6.4807    7.02393    7.03766     92.086     0.5422     0.6074 1.0000e-12    91.2585     0.3659      8.093   267.0452     18.902    20.9659    20.9659      18.82  1028.7289    28.6481  0.000e+00
     18.895    20.9695    40.4359    28.6473     6.4766    7.02394    7.03767     92.028     0.5422     0.6074 1.0000e-12    91.2585     0.3659      8.093   267.0452     19.020    20.9657    20.9657      18.82  1028.7296    28.6484  0.000e+00
     18.832    20.9698    40.4355    28.6469     6.4768    7.02391    7.03764     92.031     0.5422     0.6074 1.0000e-12    91.2585     0.3659      8.093   267.0452     18.957    20.9661    20.9661      18.82  1028.7289    28.6480  0.000e+00
     18.832    20.9695    40.4359    28.6473     6.4817    7.02394    7.03767     92.100     0.5422     0.6074 1.0000e-12    91.2585     0.3659      8.093   267.0452     18.957    20.9657    20.9657      18.82  1028.7293    28.6484  0.000e+00
     18.895    20.9696    40.4358    28.6472     6.4775    7.02392    7.03766     92.041     0.5422     0.6074 1.0000e-12    91.2585     0.3659      8.093   267.0452     19.020    20.9659    20.9659      18.84  1028.7294    28.6482  0.000e+00
     18.832    20.9695    40.4362    28.6476     6.4775    7.02393    7.03766     92.040     0.5422     0.6074 1.0000e-12    91.2585     0.3659      8.093   267.0452     18.957    20.9657    20.9657      18.84  1028.7296    28.6486  0.000e+00
     18.832    20.9696    40.4352    28.6468     6.4778    7.02394    7.03768     92.044     0.5422     0.6074 1.0000e-12    91.2585     0.3659      8.093   267.0452     18.957    20.9659    20.9659      18.82  1028.7287    28.6478  0.000e+00
     18.895    20.9696    40.4353    28.6468     6.4781    7.02394    7.03768     92.049     0.5422     0.6074 1.0000e-12    91.2585     0.3659      8.093   267.0452     19.020    20.9659    20.9659      18.82  1028.7290    28.6478  0.000e+00
     18.778    20.9696    40.4354    28.6469     6.4825    7.02394    7.03767     92.112     0.5422     0.6074 1.0000e-12    91.2585     0.3659      8.093   267.0452     18.902    20.9659    20.9659      18.81  1028.7287    28.6480  0.000e+00
     18.895    20.9695    40.4358    28.6473     6.4829    7.02394    7.03768     92.116     0.5422     0.6074 1.0000e-12    91.2585     0.3659      8.093   267.0452     19.020    20.9657    20.9657      18.82  1028.7295    28.6483  0.000e+00
     18.832    20.9696    40.4360    28.6473     6.4785    7.02391    7.03765     92.055     0.5422     0.6013 1.0000e-12    91.2585     0.3659      8.093   267.0452     18.957    20.9659    20.9659      18.82  1028.7293    28.6484  0.000e+00
     18.832    20.9696    40.4361    28.6474     6.4829    7.02391    7.03764     92.118     0.5422     0.6074 1.0000e-12    91.2585     0.3659      8.093   267.0452     18.957    20.9659    20.9659      18.82  1028.7294    28.6485  0.000e+00
     18.895    20.9704    40.4365    28.6475     6.4831    7.02380    7.03753     92.121     0.5422     0.6013 1.0000e-12    91.2585     0.3659      8.093   267.0452     19.020    20.9667    20.9667      18.82  1028.7298    28.6486  0.000e+00
     18.832    20.9713    40.4367    28.6474     6.4879    7.02368    7.03741     92.191     0.5422     0.6074 1.0000e-12    91.2585     0.3659      8.093   267.0452     18.957    20.9675    20.9675      18.82  1028.7294    28.6484  0.000e+00
     18.895    20.9720    40.4367    28.6472     6.4837    7.02359    7.03733     92.133     0.5422     0.6013 1.0000e-12    91.2585     0.3659      8.093   267.0452     19.020    20.9682    20.9682      18.82  1028.7295    28.6482  0.000e+00
     18.778    20.9725    40.4363    28.6468     6.4834    7.02353    7.03727     92.130     0.5422     0.6013 1.0000e-12    91.2585     0.3659      8.093   267.0452     18.902    20.9688    20.9688      18.82  1028.7286    28.6478  0.000e+00
     18.895    20.9725    40.4366    28.6470     6.4878    7.02352    7.03726     92.193     0.5544     0.6074 1.0000e-12    91.2585     0.3659      8.093   267.0452     19.020    20.9688    20.9688      18.82  1028.7293    28.6481  0.000e+00
     18.895    20.9732    40.4361    28.6464     6.4833    7.02345    7.03719     92.129     0.5544     0.6013 1.0000e-12    91.2585     0.3659      8.093   267.0452     19.020    20.9695    20.9695      18.82  1028.7287    28.6474  0.000e+00
     18.832    20.9731    40.4365    28.6467     6.4875    7.02346    7.03720     92.189     0.5544     0.6074 1.0000e-12    91.2585     0.3659      8.093   267.0452     18.957    20.9693    20.9693      18.82  1028.7287    28.6478  0.000e+00
     18.832    20.9738    40.4357    28.6459     6.4874    7.02340    7.03714     92.189     0.5544     0.6074 1.0000e-12    91.1232     0.3718      8.093   267.0452     18.957    20.9701    20.9701      18.82  1028.7279    28.6470  0.000e+00
     18.895    20.9736    40.4357    28.6460     6.4874    7.02342    7.03716     92.188     0.5544     0.6013 1.0000e-12    90.9608     0.3790      8.093   267.0452     19.020    20.9699    20.9699      18.82  1028.7283    28.6471  0.000e+00
     18.832    20.9732    40.4350    28.6455     6.4873    7.02350    7.03724     92.186     0.5544     0.6074 1.0000e-12    90.9338     0.3802      8.093   267.0452     18.957    20.9695    20.9695      18.82  1028.7275    28.6466  0.000e+00
     18.895    20.9731    40.4338    28.6447     6.4873    7.02357    7.03731     92.184     0.5544     0.6013 1.0000e-12    90.9338     0.3802      8.093   267.0452     19.020    20.9693    20.9693      18.82  1028.7269    28.6457  0.000e+00
     18.895    20.9727    40.4356    28.6462     6.4916    7.02354    7.03728     92.246     0.5544     0.6074 1.0000e-12    90.9338     0.3802      8.093   267.0452     19.020    20.9690    20.9690      18.82  1028.7284    28.6472  0.000e+00
     18.895    20.9736    40.4362    28.6464     6.4869    7.02341    7.03714     92.182     0.5544     0.6013 1.0000e-12    90.9338     0.3802      8.093   267.0452     19.020    20.9699    20.9699      18.82  1028.7286    28.6474  0.000e+00
     18.833    20.9747    40.4363    28.6462     6.4912    7.02326    7.03700     92.244     0.5544     0.6013 1.0000e-12    90.9338     0.3802      8.093   267.0452     18.957    20.9710    20.9710      18.82  1028.7282    28.6472  0.000e+00
     18.817    20.9756    40.4359    28.6456     6.4913    7.02316    7.03690     92.247     0.5544     0.6013 1.0000e-12    90.9338     0.3802      8.093   267.0452     18.942    20.9719    20.9719      18.82  1028.7275    28.6467  0.000e+00
     18.895    20.9765    40.4358    28.6452     6.4871    7.02306    7.03680     92.189     0.5544     0.6013 1.0000e-12    90.9338     0.3802      8.093   267.0452     19.020    20.9728    20.9728      18.82  1028.7275    28.6463  0.000e+00
     18.895    20.9774    40.4357    28.6449     6.4917    7.02295    7.03669     92.255     0.5544     0.6074 1.0000e-12    90.9338     0.3802      8.093   267.6511     19.020    20.9736    20.9736      18.82  1028.7272    28.6460  0.000e+00
     18.833    20.9774    40.4351    28.6445     6.4872    7.02297    7.03671     92.191     0.5544     0.6013 1.0000e-12    90.9338     0.3802      8.093   267.0452     18.957    20.9737    20.9737      18.82  1028.7265    28.6455  0.000e+00
     18.895    20.9770    40.4348    28.6443     6.4871    7.02303    7.03677     92.189     0.5544     0.6074 1.0000e-12    90.9338     0.3802      8.093   267.0452     19.020    20.9733    20.9733      18.84  1028.7266    28.6454  0.000e+00
     18.833    20.9761    40.4342    28.6441     6.4918    7.02317    7.03691     92.253     0.5544     0.6013 1.0000e-12    90.9338     0.3802      8.093   267.0452     18.957    20.9724    20.9724      18.82  1028.7261    28.6452  0.000e+00
     18.895    20.9750    40.4342    28.6444     6.4877    7.02331    7.03704     92.193     0.5544     0.6013 1.0000e-12    90.9338     0.3802      8.093   267.0452     19.020    20.9713    20.9713      18.82  1028.7267    28.6455  0.000e+00
     18.833    20.9739    40.4350    28.6454     6.4877    7.02341    7.03714     92.192     0.5544     0.6013 1.0000e-12    90.9338     0.3802      8.093   267.0452     18.957    20.9702    20.9702      18.81  1028.7274    28.6465  0.000e+00
     18.895    20.9734    40.4351    28.6456     6.4878    7.02347    7.03721     92.193     0.5544     0.6013 1.0000e-12    90.9338     0.3802      8.093   267.0452     19.020    20.9697    20.9697      18.82  1028.7279    28.6467  0.000e+00
     18.895    20.9731    40.4357    28.6461     6.4877    7.02349    7.03722     92.192     0.5544     0.6074 1.0000e-12    90.9338     0.3802      8.093   267.0452     19.020    20.9694    20.9694      18.82  1028.7284    28.6472  0.000e+00
     18.833    20.9732    40.4360    28.6463     6.4876    7.02346    7.03719     92.190     0.5544     0.6074 1.0000e-12    90.9338     0.3802      8.093   267.0452     18.957    20.9695    20.9695      18.82  1028.7283    28.6474  0.000e+00
     18.895    20.9736    40.4363    28.6465     6.4832    7.02340    7.03714     92.129     0.5544     0.6013 1.0000e-12    90.9338     0.3802      8.093   267.0452     19.020    20.9699    20.9699      18.82  1028.7287    28.6475  0.000e+00
     18.778    20.9739    40.4356    28.6459     6.4825    7.02338    7.03712     92.118     0.5544     0.6074 1.0000e-12    90.9338     0.3802      8.093   267.0452     18.902    20.9702    20.9702      18.82  1028.7276    28.6469  0.000e+00
     18.950    20.9738    40.4352    28.6456     6.4823    7.02342    7.03716     92.115     0.5544     0.6013 1.0000e-12    91.0150     0.3766      8.093   267.0452     19.075    20.9700    20.9700      18.82  1028.7281    28.6466  0.000e+00
     18.895    20.9736    40.4353    28.6457     6.4774    7.02344    7.03718     92.045     0.5544     0.6013 1.0000e-12    91.2856     0.3647      8.093   267.0452     19.020    20.9699    20.9699      18.81  1028.7280    28.6467  0.000e+00
     18.895    20.9732    40.4354    28.6459     6.4768    7.02348    7.03722     92.036     0.5544     0.6013 1.0000e-12    91.3668     0.3612      8.093   267.0452     19.020    20.9695    20.9695      18.82  1028.7281    28.6469  0.000e+00
     18.778    20.9727    40.4355    28.6461     6.4763    7.02354    7.03728     92.029     0.5422     0.6013 1.0000e-12    91.3668     0.3612      8.093   267.0452     18.902    20.9690    20.9690      18.82  1028.7279    28.6472  0.000e+00
     18.950    20.9727    40.4350    28.6457     6.4759    7.02356    7.03730     92.022     0.5055     0.6074 1.0000e-12    91.3668     0.3612      8.093   267.0452     19.075    20.9690    20.9690      18.82  1028.7283    28.6468  0.000e+00
     18.833    20.9725    40.4352    28.6459     6.4752    7.02358    7.03732     92.012     0.4933     0.6074 1.0000e-12    91.3668     0.3612      8.093   267.0452     18.957    20.9688    20.9688      18.84  1028.7279    28.6470  0.000e+00
     18.833    20.9724    40.4357    28.6463     6.4745    7.02358    7.03732     92.003     0.4933     0.6013 1.0000e-12    91.3668     0.3612      8.093   267.0452     18.957    20.9686    20.9686      18.82  1028.7283    28.6474  0.000e+00
     18.895    20.9725    40.4356    28.6462     6.4739    7.02356    7.03730     91.995     0.4933     0.6013 1.0000e-12    91.3668     0.3612      8.093   267.0452     19.020    20.9688    20.9688      18.82  1028.7285    28.6473  0.000e+00
     18.833    20.9720    40.4355    28.6463     6.4736    7.02364    7.03737     91.989     0.4933     0.6013 1.0000e-12    91.3397     0.3623      8.093   267.0452     18.957    20.9682    20.9682      18.82  1028.7283    28.6474  0.000e+00
     18.895    20.9718    40.4355    28.6464     6.4730    7.02366    7.03740     91.981     0.4933     0.6013 1.0000e-12    91.3668     0.3612      8.093   267.0452     19.020    20.9681    20.9681      18.82  1028.7286    28.6474  0.000e+00
     18.895    20.9720    40.4354    28.6462     6.4727    7.02364    7.03738     91.976     0.4933     0.6013 1.0000e-12    91.3668     0.3612      8.093   267.0452     19.020    20.9682    20.9682      18.82  1028.7285    28.6473  0.000e+00
     18.833    20.9718    40.4358    28.6466     6.4720    7.02365    7.03738     91.966     0.4933     0.6074 1.0000e-12    91.3668     0.3612      8.093   267.0452     18.957    20.9681    20.9681      18.82  1028.7286    28.6477  0.000e+00
     18.895    20.9720    40.4357    28.6465     6.4714    7.02363    7.03737     91.958     0.4933     0.6135 1.0000e-12    91.3668     0.3612      8.093   267.0452     19.020    20.9682    20.9682      18.81  1028.7287    28.6475  0.000e+00
     18.778    20.9718    40.4357    28.6465     6.4755    7.02365    7.03739     92.016     0.4933     0.6074 1.0000e-12    91.3668     0.3612      8.093   267.0452     18.902    20.9681    20.9681      18.82  1028.7282    28.6475  0.000e+00
     18.950    20.9718    40.4355    28.6463     6.4708    7.02366    7.03739     91.949     0.4933     0.6074 1.0000e-12    91.3668     0.3612      8.093   267.0452     19.075    20.9681    20.9681      18.82  1028.7288    28.6474  0.000e+00
     18.833    20.9718    40.4358    28.6466     6.4701    7.02365    7.03738     91.939     0.4933     0.6074 1.0000e-12    91.3668     0.3612      8.093   267.0452     18.957    20.9681    20.9681      18.82  1028.7286    28.6477  0.000e+00
     18.895    20.9718    40.4359    28.6466     6.4695    7.02365    7.03738     91.931     0.4933     0.6074 1.0000e-12    91.3668     0.3612      8.093   267.0452     19.020    20.9681    20.9681      18.82  1028.7289    28.6477  0.000e+00
