Data/files/RVJanan08001.cnv
* Sea-Bird SBE 9 Data File:
* FileName = C:\CruiseData\CTD911\RVJanan080\RVJanan08001.hex
* Software Version Seasave V 7.26.7.121
* Temperature SN = 5958
* Conductivity SN = 3674
* Number of Bytes Per Scan = 37
* Number of Voltage Words = 4
* Number of Scans Averaged by the Deck Unit = 1
* NMEA Latitude = 25 02.14 N
* NMEA Longitude = 052 13.11 E
* NMEA UTC (Time) = Dec 08 2019  12:05:17
* NMEA baud rate = 4800
** Ship: R/V JANAN
** Cruise: NPRP10Restore02-Dec19
** Station: Sheraoh Island (053)
** Bottom Depth [m]: 15
** Operator: MD
# nquan = 22
# nvalues = 6573                                  
# units = specified
# name 0 = depSM: Depth [salt water, m]
# name 1 = t090C: Temperature [ITS-90, deg C]
# name 2 = sal00: Salinity, Practical [PSU]
# name 3 = sigma-t00: Density [sigma-t, kg/m^3 ]
# name 4 = sbeox0Mg/L: Oxygen, SBE 43 [mg/l]
# name 5 = oxsatMg/L: Oxygen Saturation, Weiss [mg/l]
# name 6 = oxsolMg/L: Oxygen Saturation, Garcia & Gordon [mg/l]
# name 7 = sbeox0PS: Oxygen, SBE 43 [% saturation]
# name 8 = flECO-AFL: Fluorescence, WET Labs ECO-AFL/FL [mg/m^3]
# name 9 = turbWETntu0: Turbidity, WET Labs ECO [NTU]
# name 10 = par: PAR/Irradiance, Biospherical/Licor
# name 11 = xmiss: Beam Transmission, Chelsea/Seatech [%]
# name 12 = bat: Beam Attenuation, Chelsea/Seatech [1/m]
# name 13 = ph: pH
# name 14 = orp: Oxidation Reduction Potential [mV]
# name 15 = prDM: Pressure, Digiquartz [db]
# name 16 = potemp090C: Potential Temperature [ITS-90, deg C]
# name 17 = pta090C: Potential Temperature Anomaly [ITS-90, deg C], a0 = 0, a1 = 0
# name 18 = ptempC: Pressure Temperature [deg C]
# name 19 = density00: Density [density, kg/m^3]
# name 20 = sigma-é00: Density [sigma-theta, kg/m^3]
# name 21 = flag:  0.000e+00
# span 0 =     -0.146,     14.668                 
# span 1 =    25.3532,    26.4720                 
# span 2 =     4.8998,    43.6754                 
# span 3 =     0.5371,    29.4430                 
# span 4 =     5.4138,     7.5241                 
# span 5 =    6.27395,    7.93777                 
# span 6 =    6.28919,    7.95766                 
# span 7 =     86.001,     95.109                 
# span 8 =    -0.0928,     1.7143                 
# span 9 =     0.0213,     1.3644                 
# span 10 = 1.0000e-12, 1.0000e-12                
# span 11 =    81.8675,    93.4236                
# span 12 =     0.2721,     0.8003                
# span 13 =      7.983,      8.032                
# span 14 =   275.5289,   277.3469                
# span 15 =     -0.146,     14.763                
# span 16 =    25.3532,    26.4687                
# span 17 =    25.3532,    26.4687                
# span 18 =      29.69,      29.80                
# span 19 =  1000.5372,  1029.5036                
# span 20 =     0.5371,    29.4440                
# span 21 = 0.0000e+00, 0.0000e+00                
# interval = seconds: 0.0416667
# start_time = Dec 08 2019 12:05:17 [NMEA time, header]
# bad_flag = -9.990e-29
*END*
[from data line 5334]
      1.777    26.1105    42.4321    28.6177     6.0357    6.35568    6.37124     94.734     0.4445     0.4364 1.0000e-12    92.3140     0.3199      8.025   276.1349      1.788    26.1101    26.1101      29.71  1028.6253    28.6178  0.000e+00
      1.714    26.1101    42.4324    28.6180     6.0357    6.35572    6.37128     94.732     0.4445     0.4364 1.0000e-12    92.3140     0.3199      8.025   276.1349      1.725    26.1097    26.1097      29.72  1028.6254    28.6182  0.000e+00
      1.832    26.1098    42.4332    28.6188     6.0357    6.35572    6.37128     94.733     0.4445     0.4364 1.0000e-12    92.3140     0.3199      8.025   276.1349      1.843    26.1093    26.1093      29.72  1028.6266    28.6189  0.000e+00
      1.714    26.1094    42.4335    28.6191     6.0317    6.35575    6.37131     94.670     0.4445     0.4364 1.0000e-12    92.3140     0.3199      8.025   275.5289      1.725    26.1090    26.1090      29.71  1028.6264    28.6192  0.000e+00
      1.831    26.1091    42.4334    28.6191     6.0320    6.35578    6.37134     94.673     0.4445     0.4364 1.0000e-12    92.3140     0.3199      8.025   276.1349      1.843    26.1087    26.1087      29.72  1028.6270    28.6192  0.000e+00
      1.714    26.1088    42.4339    28.6196     6.0356    6.35580    6.37135     94.731     0.4445     0.4425 1.0000e-12    92.3140     0.3199      8.025   276.1349      1.725    26.1084    26.1084      29.72  1028.6269    28.6197  0.000e+00
      1.777    26.1086    42.4339    28.6196     6.0356    6.35582    6.37138     94.730     0.4445     0.4364 1.0000e-12    92.3140     0.3199      8.025   276.1349      1.788    26.1082    26.1082      29.72  1028.6272    28.6198  0.000e+00
      1.777    26.1088    42.4336    28.6193     6.0355    6.35581    6.37136     94.729     0.4445     0.4425 1.0000e-12    92.3140     0.3199      8.025   276.1349      1.788    26.1084    26.1084      29.72  1028.6269    28.6195  0.000e+00
      1.777    26.1101    42.4330    28.6185     6.0353    6.35570    6.37126     94.727     0.4445     0.4364 1.0000e-12    92.3140     0.3199      8.025   276.1349      1.788    26.1096    26.1096      29.72  1028.6261    28.6186  0.000e+00
      1.777    26.1110    42.4326    28.6179     6.0310    6.35561    6.37117     94.662     0.4445     0.4242 1.0000e-12    92.3140     0.3199      8.025   276.1349      1.788    26.1106    26.1106      29.71  1028.6255    28.6180  0.000e+00
      1.777    26.1119    42.4318    28.6170     6.0345    6.35555    6.37110     94.716     0.4445     0.4242 1.0000e-12    92.3140     0.3199      8.025   276.1349      1.788    26.1115    26.1115      29.72  1028.6246    28.6171  0.000e+00
      1.722    26.1122    42.4317    28.6168     6.0302    6.35553    6.37108     94.650     0.4445     0.4242 1.0000e-12    92.3140     0.3199      8.025   276.1349      1.733    26.1118    26.1118      29.71  1028.6242    28.6169  0.000e+00
      1.777    26.1125    42.4310    28.6162     6.0299    6.35551    6.37107     94.645     0.4445     0.4242 1.0000e-12    92.3140     0.3199      8.025   276.1349      1.788    26.1121    26.1121      29.72  1028.6238    28.6163  0.000e+00
      1.722    26.1123    42.4315    28.6166     6.0335    6.35552    6.37108     94.702     0.4445     0.4242 1.0000e-12    92.3140     0.3199      8.020   276.1349      1.733    26.1119    26.1119      29.71  1028.6240    28.6168  0.000e+00
      1.777    26.1124    42.4314    28.6165     6.0332    6.35552    6.37107     94.697     0.4445     0.4242 1.0000e-12    92.3140     0.3199      8.025   276.1349      1.788    26.1119    26.1119      29.72  1028.6242    28.6167  0.000e+00
      1.722    26.1121    42.4317    28.6168     6.0370    6.35553    6.37109     94.755     0.4445     0.4242 1.0000e-12    92.3140     0.3199      8.025   276.1349      1.733    26.1117    26.1117      29.71  1028.6242    28.6170  0.000e+00
      1.714    26.1127    42.4314    28.6164     6.0326    6.35548    6.37103     94.689     0.4445     0.4242 1.0000e-12    92.3140     0.3199      8.025   276.1349      1.725    26.1123    26.1123      29.72  1028.6238    28.6165  0.000e+00
      1.777    26.1126    42.4313    28.6164     6.0324    6.35549    6.37104     94.685     0.4445     0.4242 1.0000e-12    92.3140     0.3199      8.025   276.1349      1.788    26.1122    26.1122      29.72  1028.6240    28.6165  0.000e+00
      1.714    26.1129    42.4309    28.6160     6.0321    6.35548    6.37103     94.680     0.4445     0.4242 1.0000e-12    92.3140     0.3199      8.025   276.1349      1.725    26.1125    26.1125      29.72  1028.6234    28.6161  0.000e+00
      1.722    26.1131    42.4308    28.6158     6.0320    6.35546    6.37102     94.679     0.4445     0.4242 1.0000e-12    92.3411     0.3187      8.025   276.1349      1.733    26.1127    26.1127      29.72  1028.6232    28.6160  0.000e+00
      1.714    26.1130    42.4308    28.6159     6.0321    6.35547    6.37102     94.680     0.4445     0.4242 1.0000e-12    92.3952     0.3164      8.025   276.1349      1.725    26.1126    26.1126      29.72  1028.6232    28.6160  0.000e+00
      1.722    26.1129    42.4310    28.6160     6.0320    6.35547    6.37103     94.678     0.4445     0.4242 1.0000e-12    92.3952     0.3164      8.020   275.5289      1.733    26.1125    26.1125      29.72  1028.6234    28.6162  0.000e+00
      1.714    26.1128    42.4309    28.6160     6.0319    6.35548    6.37104     94.676     0.4445     0.4242 1.0000e-12    92.3952     0.3164      8.025   275.5289      1.725    26.1125    26.1125      29.72  1028.6234    28.6162  0.000e+00
      1.722    26.1129    42.4307    28.6158     6.0319    6.35549    6.37104     94.677     0.4445     0.4303 1.0000e-12    92.3952     0.3164      8.025   275.5289      1.733    26.1125    26.1125      29.72  1028.6232    28.6159  0.000e+00
      1.660    26.1125    42.4309    28.6162     6.0358    6.35552    6.37108     94.737     0.4445     0.4303 1.0000e-12    92.3952     0.3164      8.025   276.1349      1.670    26.1121    26.1121      29.72  1028.6233    28.6163  0.000e+00
      1.714    26.1120    42.4318    28.6169     6.0281    6.35554    6.37110     94.616     0.4445     0.4242 1.0000e-12    92.3952     0.3164      8.025   276.1349      1.725    26.1116    26.1116      29.71  1028.6243    28.6171  0.000e+00
      1.660    26.1115    42.4317    28.6170     6.0320    6.35559    6.37115     94.676     0.4445     0.4303 1.0000e-12    92.3952     0.3164      8.025   276.1349      1.670    26.1112    26.1112      29.71  1028.6242    28.6172  0.000e+00
      1.714    26.1114    42.4321    28.6174     6.0281    6.35559    6.37115     94.615     0.4445     0.4242 1.0000e-12    92.3952     0.3164      8.025   276.1349      1.725    26.1110    26.1110      29.71  1028.6247    28.6175  0.000e+00
      1.660    26.1116    42.4319    28.6171     6.0241    6.35558    6.37113     94.553     0.4445     0.4181 1.0000e-12    92.3952     0.3164      8.025   276.1349      1.670    26.1112    26.1112      29.72  1028.6243    28.6173  0.000e+00
      1.660    26.1112    42.4322    28.6175     6.0278    6.35561    6.37117     94.611     0.4445     0.4303 1.0000e-12    92.3952     0.3164      8.025   276.1349      1.670    26.1108    26.1108      29.72  1028.6246    28.6176  0.000e+00
      1.660    26.1114    42.4323    28.6175     6.0195    6.35558    6.37114     94.481     0.4445     0.4181 1.0000e-12    92.3952     0.3164      8.025   276.1349      1.670    26.1110    26.1110      29.71  1028.6247    28.6177  0.000e+00
      1.660    26.1114    42.4317    28.6171     6.0229    6.35561    6.37116     94.534     0.4445     0.4242 1.0000e-12    92.3952     0.3164      8.025   276.1349      1.670    26.1110    26.1110      29.71  1028.6242    28.6172  0.000e+00
      1.660    26.1122    42.4312    28.6164     6.0186    6.35554    6.37110     94.468     0.4445     0.4242 1.0000e-12    92.3952     0.3164      8.025   276.1349      1.670    26.1118    26.1118      29.72  1028.6236    28.6166  0.000e+00
      1.660    26.1126    42.4305    28.6158     6.0180    6.35552    6.37107     94.459     0.4445     0.4242 1.0000e-12    92.3952     0.3164      8.025   276.1349      1.670    26.1123    26.1123      29.72  1028.6229    28.6159  0.000e+00
      1.660    26.1133    42.4302    28.6153     6.0176    6.35547    6.37102     94.452     0.4445     0.4242 1.0000e-12    92.3952     0.3164      8.025   275.5289      1.670    26.1129    26.1129      29.72  1028.6224    28.6154  0.000e+00
      1.597    26.1136    42.4296    28.6148     6.0172    6.35545    6.37100     94.446     0.4445     0.4242 1.0000e-12    92.3952     0.3164      8.025   276.1349      1.607    26.1133    26.1133      29.71  1028.6216    28.6149  0.000e+00
      1.660    26.1138    42.4291    28.6144     6.0207    6.35545    6.37101     94.501     0.4567     0.4242 1.0000e-12    92.3952     0.3164      8.025   276.1349      1.670    26.1134    26.1134      29.72  1028.6215    28.6145  0.000e+00
      1.597    26.1138    42.4292    28.6144     6.0163    6.35544    6.37100     94.432     0.4567     0.4181 1.0000e-12    92.3952     0.3164      8.025   276.1349      1.607    26.1135    26.1135      29.72  1028.6213    28.6145  0.000e+00
      1.660    26.1143    42.4292    28.6142     6.0198    6.35539    6.37095     94.488     0.4567     0.4242 1.0000e-12    92.3952     0.3164      8.020   276.1349      1.670    26.1139    26.1139      29.72  1028.6213    28.6143  0.000e+00
      1.605    26.1144    42.4289    28.6140     6.0156    6.35539    6.37095     94.422     0.4567     0.4242 1.0000e-12    92.3411     0.3187      8.025   276.1349      1.615    26.1140    26.1140      29.71  1028.6209    28.6141  0.000e+00
      1.660    26.1143    42.4286    28.6138     6.0192    6.35541    6.37097     94.478     0.4567     0.4242 1.0000e-12    92.2870     0.3211      8.025   276.1349      1.670    26.1139    26.1139      29.72  1028.6209    28.6139  0.000e+00
      1.542    26.1144    42.4287    28.6139     6.0150    6.35540    6.37096     94.413     0.4567     0.4181 1.0000e-12    92.2599     0.3222      8.025   276.1349      1.552    26.1140    26.1140      29.72  1028.6205    28.6140  0.000e+00
      1.597    26.1142    42.4290    28.6142     6.0110    6.35541    6.37097     94.349     0.4567     0.4120 1.0000e-12    92.2870     0.3211      8.025   276.1349      1.607    26.1138    26.1138      29.72  1028.6210    28.6143  0.000e+00
      1.605    26.1142    42.4292    28.6143     6.0146    6.35540    6.37096     94.406     0.4567     0.4242 1.0000e-12    92.2870     0.3211      8.025   276.1349      1.615    26.1138    26.1138      29.72  1028.6212    28.6144  0.000e+00
      1.660    26.1142    42.4291    28.6142     6.0146    6.35540    6.37096     94.406     0.4567     0.4242 1.0000e-12    92.2870     0.3211      8.025   276.1349      1.670    26.1138    26.1138      29.72  1028.6213    28.6143  0.000e+00
      1.542    26.1136    42.4296    28.6148     6.0104    6.35545    6.37101     94.340     0.4567     0.4181 1.0000e-12    92.2599     0.3222      8.025   276.1349      1.552    26.1132    26.1132      29.72  1028.6214    28.6149  0.000e+00
      1.597    26.1131    42.4300    28.6152     6.0061    6.35549    6.37105     94.273     0.4567     0.4181 1.0000e-12    92.2599     0.3222      8.025   276.1349      1.607    26.1127    26.1127      29.71  1028.6221    28.6153  0.000e+00
      1.605    26.1123    42.4311    28.6163     6.0097    6.35553    6.37109     94.328     0.4567     0.4181 1.0000e-12    92.2870     0.3211      8.025   276.1349      1.615    26.1119    26.1119      29.72  1028.6232    28.6165  0.000e+00
      1.597    26.1122    42.4310    28.6163     6.0137    6.35555    6.37111     94.390     0.4567     0.4242 1.0000e-12    92.2870     0.3211      8.025   276.1349      1.607    26.1118    26.1118      29.72  1028.6231    28.6164  0.000e+00
      1.605    26.1123    42.4311    28.6163     6.0056    6.35553    6.37109     94.264     0.4567     0.4181 1.0000e-12    92.2870     0.3211      8.025   276.1349      1.615    26.1119    26.1119      29.71  1028.6232    28.6165  0.000e+00
      1.597    26.1129    42.4300    28.6153     6.0052    6.35551    6.37107     94.258     0.4567     0.4120 1.0000e-12    92.2870     0.3211      8.025   276.1349      1.607    26.1125    26.1125      29.72  1028.6221    28.6154  0.000e+00
      1.542    26.1131    42.4300    28.6152     6.0049    6.35549    6.37105     94.252     0.4567     0.4181 1.0000e-12    92.2870     0.3211      8.025   276.1349      1.552    26.1127    26.1127      29.71  1028.6218    28.6153  0.000e+00
      1.597    26.1132    42.4298    28.6151     6.0084    6.35548    6.37104     94.308     0.4567     0.4242 1.0000e-12    92.2599     0.3222      8.025   276.1349      1.607    26.1129    26.1129      29.71  1028.6219    28.6152  0.000e+00
      1.542    26.1127    42.4301    28.6155     6.0041    6.35552    6.37108     94.241     0.4567     0.4242 1.0000e-12    92.2870     0.3211      8.025   276.1349      1.552    26.1124    26.1124      29.72  1028.6221    28.6156  0.000e+00
      1.597    26.1121    42.4311    28.6164     6.0040    6.35555    6.37111     94.238     0.4567     0.4242 1.0000e-12    92.2599     0.3222      8.025   276.1349      1.607    26.1117    26.1117      29.71  1028.6233    28.6165  0.000e+00
      1.542    26.1124    42.4309    28.6161     5.9997    6.35553    6.37109     94.171     0.4567     0.4181 1.0000e-12    92.2599     0.3222      8.025   276.1349      1.552    26.1120    26.1120      29.71  1028.6227    28.6162  0.000e+00
      1.605    26.1121    42.4309    28.6162     5.9995    6.35556    6.37112     94.167     0.4567     0.4120 1.0000e-12    92.2870     0.3211      8.025   276.1349      1.615    26.1117    26.1117      29.71  1028.6231    28.6163  0.000e+00
      1.597    26.1120    42.4314    28.6166     5.9992    6.35556    6.37111     94.162     0.4567     0.4242 1.0000e-12    92.2870     0.3211      8.025   276.1349      1.607    26.1116    26.1116      29.71  1028.6235    28.6168  0.000e+00
      1.542    26.1118    42.4313    28.6167     5.9987    6.35558    6.37113     94.155     0.4567     0.4120 1.0000e-12    92.2599     0.3222      8.025   276.1349      1.552    26.1114    26.1114      29.71  1028.6233    28.6168  0.000e+00
      1.597    26.1119    42.4309    28.6163     6.0025    6.35558    6.37114     94.215     0.4567     0.4181 1.0000e-12    92.2870     0.3211      8.025   276.1349      1.607    26.1115    26.1115      29.72  1028.6231    28.6164  0.000e+00
      1.605    26.1118    42.4314    28.6167     6.0024    6.35557    6.37113     94.212     0.4567     0.4242 1.0000e-12    92.3411     0.3187      8.025   276.1349      1.615    26.1114    26.1114      29.72  1028.6236    28.6169  0.000e+00
      1.597    26.1121    42.4311    28.6164     5.9982    6.35555    6.37111     94.147     0.4567     0.4181 1.0000e-12    92.3681     0.3176      8.025   276.1349      1.607    26.1117    26.1117      29.72  1028.6232    28.6165  0.000e+00
      1.542    26.1118    42.4315    28.6168     5.9981    6.35557    6.37113     94.145     0.4567     0.4120 1.0000e-12    92.3681     0.3176      8.025   275.5289      1.552    26.1114    26.1114      29.72  1028.6234    28.6169  0.000e+00
      1.597    26.1119    42.4313    28.6166     5.9980    6.35557    6.37112     94.144     0.4445     0.4242 1.0000e-12    92.3681     0.3176      8.025   276.1349      1.607    26.1115    26.1115      29.72  1028.6234    28.6167  0.000e+00
      1.605    26.1118    42.4315    28.6168     6.0022    6.35557    6.37113     94.210     0.4323     0.4303 1.0000e-12    92.3681     0.3176      8.025   276.1349      1.615    26.1114    26.1114      29.71  1028.6237    28.6169  0.000e+00
