Data/files/RVJanan08003.cnv
* Sea-Bird SBE 9 Data File:
* FileName = C:\CruiseData\CTD911\RVJanan080\Hex\RVJanan08003.hex
* Software Version Seasave V 7.26.7.121
* Temperature SN = 5958
* Conductivity SN = 3674
* Number of Bytes Per Scan = 37
* Number of Voltage Words = 4
* Number of Scans Averaged by the Deck Unit = 1
* NMEA Latitude = 25 30.57 N
* NMEA Longitude = 052 30.22 E
* NMEA UTC (Time) = Dec 09 2019  14:26:33
* NMEA baud rate = 4800
** Ship: R/V JANAN
** Cruise: NPRP10Restore02-Dec19
** Station: Maydan Mahzen Reef
** Bottom Depth [m]: 25
** Operator: MD
# nquan = 22
# nvalues = 6035                                  
# units = specified
# name 0 = depSM: Depth [salt water, m]
# name 1 = t090C: Temperature [ITS-90, deg C]
# name 2 = sal00: Salinity, Practical [PSU]
# name 3 = sigma-t00: Density [sigma-t, kg/m^3 ]
# name 4 = sbeox0Mg/L: Oxygen, SBE 43 [mg/l]
# name 5 = oxsatMg/L: Oxygen Saturation, Weiss [mg/l]
# name 6 = oxsolMg/L: Oxygen Saturation, Garcia & Gordon [mg/l]
# name 7 = sbeox0PS: Oxygen, SBE 43 [% saturation]
# name 8 = flECO-AFL: Fluorescence, WET Labs ECO-AFL/FL [mg/m^3]
# name 9 = turbWETntu0: Turbidity, WET Labs ECO [NTU]
# name 10 = par: PAR/Irradiance, Biospherical/Licor
# name 11 = xmiss: Beam Transmission, Chelsea/Seatech [%]
# name 12 = bat: Beam Attenuation, Chelsea/Seatech [1/m]
# name 13 = ph: pH
# name 14 = orp: Oxidation Reduction Potential [mV]
# name 15 = prDM: Pressure, Digiquartz [db]
# name 16 = potemp090C: Potential Temperature [ITS-90, deg C]
# name 17 = pta090C: Potential Temperature Anomaly [ITS-90, deg C], a0 = 0, a1 = 0
# name 18 = ptempC: Pressure Temperature [deg C]
# name 19 = density00: Density [density, kg/m^3]
# name 20 = sigma-é00: Density [sigma-theta, kg/m^3]
# name 21 = flag:  0.000e+00
# span 0 =     -2.287,     20.784                 
# span 1 =    26.2849,    26.8432                 
# span 2 =     3.2446,    40.9653                 
# span 3 =    -0.9601,    27.2738                 
# span 4 =     5.3149,     7.6187                 
# span 5 =    6.33285,    7.85008                 
# span 6 =    6.34865,    7.87034                 
# span 7 =     77.981,     98.031                 
# span 8 =    -0.0439,     1.1771                 
# span 9 =     0.2960,     6.4377                 
# span 10 = 1.0000e-12, 1.0000e-12                
# span 11 =    74.5873,    99.3235                
# span 12 =     0.0272,     1.1728                
# span 13 =      8.022,      8.046                
# span 14 =   223.4144,   233.1101                
# span 15 =     -2.302,     20.921                
# span 16 =    26.2849,    26.8403                
# span 17 =    26.2849,    26.8403                
# span 18 =      24.85,      24.90                
# span 19 =   999.0405,  1027.3628                
# span 20 =    -0.9601,    27.2754                
# span 21 = 0.0000e+00, 0.0000e+00                
# interval = seconds: 0.0416667
# start_time = Dec 09 2019 14:26:33 [NMEA time, header]
# bad_flag = -9.990e-29
*END*
[from data line 4346]
      1.576    26.7515    40.5697    27.0009     5.9052    6.35536    6.37125     92.685     0.9329     0.3571 1.0000e-12    93.5319     0.2675      8.041   230.0802      1.586    26.7511    26.7511      24.88  1027.0076    27.0010  0.000e+00
      1.521    26.7513    40.5693    27.0006     5.9015    6.35539    6.37129     92.627     0.9329     0.3510 1.0000e-12    93.5319     0.2675      8.041   229.4742      1.531    26.7509    26.7509      24.88  1027.0072    27.0007  0.000e+00
      1.404    26.7511    40.5699    27.0011     5.9013    6.35539    6.37129     92.623     0.9329     0.3510 1.0000e-12    93.5319     0.2675      8.041   230.0802      1.413    26.7507    26.7507      24.88  1027.0072    27.0012  0.000e+00
      1.459    26.7513    40.5699    27.0011     5.9013    6.35537    6.37127     92.624     0.9329     0.3571 1.0000e-12    93.5319     0.2675      8.041   230.0802      1.469    26.7509    26.7509      24.88  1027.0073    27.0012  0.000e+00
      1.404    26.7513    40.5685    27.0000     5.9013    6.35542    6.37132     92.624     0.9329     0.3510 1.0000e-12    93.5319     0.2675      8.041   230.0802      1.413    26.7509    26.7509      24.88  1027.0060    27.0001  0.000e+00
      1.459    26.7513    40.5654    26.9977     5.9014    6.35553    6.37143     92.622     0.9329     0.3571 1.0000e-12    93.5319     0.2675      8.041   230.0802      1.469    26.7509    26.7509      24.88  1027.0040    26.9978  0.000e+00
      1.404    26.7513    40.5655    26.9977     5.9012    6.35553    6.37143     92.620     0.9329     0.3571 1.0000e-12    93.5319     0.2675      8.041   230.0802      1.413    26.7509    26.7509      24.88  1027.0038    26.9978  0.000e+00
      1.287    26.7518    40.5685    26.9999     5.9009    6.35536    6.37126     92.617     0.9329     0.3632 1.0000e-12    93.5319     0.2675      8.041   230.0802      1.296    26.7515    26.7515      24.88  1027.0054    27.0000  0.000e+00
      1.350    26.7522    40.5697    27.0006     5.9008    6.35528    6.37118     92.617     0.9207     0.3632 1.0000e-12    93.5319     0.2675      8.041   230.0802      1.358    26.7519    26.7519      24.88  1027.0064    27.0007  0.000e+00
      1.350    26.7524    40.5699    27.0007     5.9007    6.35525    6.37115     92.616     0.8963     0.3754 1.0000e-12    93.5319     0.2675      8.041   230.0802      1.358    26.7521    26.7521      24.88  1027.0065    27.0008  0.000e+00
      1.287    26.7527    40.5683    26.9994     5.9006    6.35528    6.37117     92.615     0.8840     0.3754 1.0000e-12    93.5319     0.2675      8.041   230.0802      1.296    26.7524    26.7524      24.88  1027.0050    26.9995  0.000e+00
      1.232    26.7529    40.5672    26.9985     5.9046    6.35530    6.37119     92.676     0.8840     0.3754 1.0000e-12    93.5319     0.2675      8.041   230.0802      1.241    26.7526    26.7526      24.88  1027.0038    26.9986  0.000e+00
      1.232    26.7531    40.5682    26.9992     5.9047    6.35524    6.37113     92.678     0.8963     0.3754 1.0000e-12    93.5319     0.2675      8.041   230.0802      1.241    26.7529    26.7529      24.88  1027.0045    26.9993  0.000e+00
      1.232    26.7531    40.5684    26.9993     5.9088    6.35523    6.37113     92.744     0.8963     0.3754 1.0000e-12    93.5319     0.2675      8.041   230.0802      1.241    26.7529    26.7529      24.88  1027.0046    26.9994  0.000e+00
      1.232    26.7531    40.5674    26.9986     5.9052    6.35527    6.37116     92.686     0.8963     0.3754 1.0000e-12    93.5319     0.2675      8.041   230.0802      1.241    26.7529    26.7529      24.88  1027.0039    26.9987  0.000e+00
      1.178    26.7529    40.5674    26.9986     5.9053    6.35529    6.37118     92.688     0.8963     0.3693 1.0000e-12    93.5319     0.2675      8.041   230.0802      1.185    26.7527    26.7527      24.88  1027.0037    26.9987  0.000e+00
      1.115    26.7531    40.5689    26.9997     5.9054    6.35521    6.37111     92.690     0.8963     0.3754 1.0000e-12    93.5319     0.2675      8.041   230.0802      1.123    26.7529    26.7529      24.88  1027.0045    26.9998  0.000e+00
      1.170    26.7531    40.5697    27.0003     5.9056    6.35518    6.37108     92.694     0.8963     0.3754 1.0000e-12    93.5319     0.2675      8.041   230.0802      1.178    26.7529    26.7529      24.88  1027.0053    27.0004  0.000e+00
      1.115    26.7531    40.5669    26.9982     5.9096    6.35528    6.37118     92.756     0.8963     0.3815 1.0000e-12    93.5319     0.2675      8.041   230.0802      1.123    26.7529    26.7529      24.88  1027.0030    26.9983  0.000e+00
      1.115    26.7529    40.5603    26.9933     5.9061    6.35554    6.37144     92.696     0.8840     0.3754 1.0000e-12    93.4778     0.2698      8.041   230.0802      1.123    26.7527    26.7527      24.88  1026.9981    26.9934  0.000e+00
      1.061    26.7531    40.5636    26.9957     5.9059    6.35540    6.37130     92.695     0.8963     0.3754 1.0000e-12    93.3424     0.2756      8.041   230.0802      1.068    26.7529    26.7529      24.88  1027.0002    26.9958  0.000e+00
      1.115    26.7531    40.5684    26.9993     5.9020    6.35523    6.37113     92.636     0.8963     0.3754 1.0000e-12    93.2883     0.2779      8.041   230.0802      1.123    26.7529    26.7529      24.88  1027.0041    26.9994  0.000e+00
      1.061    26.7533    40.5699    27.0004     5.9057    6.35516    6.37105     92.695     0.8963     0.3815 1.0000e-12    93.2883     0.2779      8.041   230.0802      1.068    26.7531    26.7531      24.88  1027.0050    27.0005  0.000e+00
      1.115    26.7533    40.5684    26.9993     5.9018    6.35521    6.37111     92.634     0.8840     0.3754 1.0000e-12    93.2883     0.2779      8.041   230.0802      1.123    26.7530    26.7530      24.88  1027.0041    26.9993  0.000e+00
      1.115    26.7531    40.5680    26.9990     5.9055    6.35525    6.37114     92.691     0.8963     0.3815 1.0000e-12    93.2883     0.2779      8.041   230.0802      1.123    26.7529    26.7529      24.88  1027.0038    26.9991  0.000e+00
      1.115    26.7531    40.5694    27.0001     5.9015    6.35520    6.37109     92.629     0.8963     0.3754 1.0000e-12    93.2883     0.2779      8.041   230.0802      1.123    26.7529    26.7529      24.88  1027.0048    27.0001  0.000e+00
      1.115    26.7531    40.5693    27.0000     5.9013    6.35520    6.37109     92.626     0.8840     0.3754 1.0000e-12    93.2883     0.2779      8.041   230.0802      1.123    26.7529    26.7529      24.88  1027.0048    27.0001  0.000e+00
      1.178    26.7529    40.5695    27.0002     5.9092    6.35521    6.37111     92.750     0.8963     0.3754 1.0000e-12    93.2883     0.2779      8.041   230.0802      1.185    26.7527    26.7527      24.88  1027.0053    27.0003  0.000e+00
      1.178    26.7529    40.5671    26.9984     5.9055    6.35530    6.37119     92.690     0.8963     0.3754 1.0000e-12    93.2883     0.2779      8.041   230.0802      1.185    26.7527    26.7527      24.88  1027.0035    26.9985  0.000e+00
      1.170    26.7529    40.5671    26.9984     5.9055    6.35530    6.37119     92.691     0.8963     0.3754 1.0000e-12    93.2883     0.2779      8.041   230.0802      1.178    26.7527    26.7527      24.88  1027.0034    26.9985  0.000e+00
      1.178    26.7527    40.5692    27.0000     5.9097    6.35525    6.37114     92.757     0.8963     0.3815 1.0000e-12    93.2883     0.2779      8.041   230.0802      1.185    26.7525    26.7525      24.88  1027.0051    27.0001  0.000e+00
      1.232    26.7524    40.5698    27.0007     5.9059    6.35526    6.37116     92.698     0.8840     0.3754 1.0000e-12    93.2883     0.2779      8.041   230.0802      1.241    26.7521    26.7521      24.88  1027.0060    27.0008  0.000e+00
      1.232    26.7524    40.5698    27.0006     5.9099    6.35526    6.37116     92.761     0.8963     0.3754 1.0000e-12    93.2883     0.2779      8.041   230.0802      1.241    26.7521    26.7521      24.88  1027.0059    27.0007  0.000e+00
      1.287    26.7522    40.5628    26.9954     5.9146    6.35553    6.37142     92.830     0.8840     0.3754 1.0000e-12    93.2883     0.2779      8.041   230.0802      1.296    26.7519    26.7519      24.88  1027.0010    26.9955  0.000e+00
      1.287    26.7526    40.5593    26.9926     5.9150    6.35562    6.37151     92.835     0.8963     0.3754 1.0000e-12    93.2883     0.2779      8.041   230.0802      1.296    26.7523    26.7523      24.88  1026.9982    26.9927  0.000e+00
      1.350    26.7522    40.5602    26.9934     5.9194    6.35562    6.37152     92.904     0.8963     0.3876 1.0000e-12    93.2883     0.2779      8.041   230.0802      1.358    26.7519    26.7519      24.88  1026.9992    26.9935  0.000e+00
      1.350    26.7522    40.5602    26.9934     5.9199    6.35562    6.37152     92.911     0.9085     0.4120 1.0000e-12    93.2883     0.2779      8.041   230.0802      1.358    26.7519    26.7519      24.88  1026.9992    26.9935  0.000e+00
      1.404    26.7518    40.5646    26.9969     5.9203    6.35550    6.37140     92.919     0.9085     0.4120 1.0000e-12    93.2883     0.2779      8.041   230.0802      1.413    26.7515    26.7515      24.88  1027.0029    26.9970  0.000e+00
      1.404    26.7518    40.5680    26.9995     5.9206    6.35538    6.37128     92.926     0.9085     0.4120 1.0000e-12    93.2612     0.2791      8.036   230.0802      1.413    26.7515    26.7515      24.88  1027.0055    26.9996  0.000e+00
      1.459    26.7513    40.5692    27.0005     5.9213    6.35540    6.37129     92.936     0.9085     0.4120 1.0000e-12    93.2612     0.2791      8.041   230.0802      1.469    26.7509    26.7509      24.88  1027.0068    27.0006  0.000e+00
      1.459    26.7513    40.5686    27.0001     5.9259    6.35542    6.37132     93.008     0.9085     0.4120 1.0000e-12    93.2342     0.2802      8.041   230.0802      1.469    26.7509    26.7509      24.88  1027.0063    27.0002  0.000e+00
      1.459    26.7513    40.5695    27.0007     5.9226    6.35539    6.37128     92.957     0.9085     0.4120 1.0000e-12    93.2071     0.2814      8.041   230.0802      1.469    26.7509    26.7509      24.88  1027.0070    27.0009  0.000e+00
      1.576    26.7509    40.5676    26.9994     5.9273    6.35549    6.37139     93.030     0.9085     0.4120 1.0000e-12    93.2071     0.2814      8.041   230.0802      1.586    26.7505    26.7505      24.88  1027.0062    26.9996  0.000e+00
      1.576    26.7507    40.5632    26.9962     5.9280    6.35567    6.37157     93.038     0.9085     0.4120 1.0000e-12    93.2071     0.2814      8.041   230.0802      1.586    26.7503    26.7503      24.88  1027.0030    26.9963  0.000e+00
      1.576    26.7505    40.5650    26.9976     5.9286    6.35562    6.37152     93.049     0.9085     0.4120 1.0000e-12    93.2071     0.2814      8.041   229.4742      1.586    26.7502    26.7502      24.88  1027.0044    26.9978  0.000e+00
      1.639    26.7503    40.5670    26.9992     5.9293    6.35557    6.37147     93.060     0.9085     0.4120 1.0000e-12    93.2071     0.2814      8.041   229.4742      1.649    26.7499    26.7499      24.88  1027.0062    26.9993  0.000e+00
      1.576    26.7501    40.5691    27.0008     5.9256    6.35552    6.37142     93.004     0.9085     0.4120 1.0000e-12    93.2071     0.2814      8.041   230.0802      1.586    26.7498    26.7498      24.88  1027.0076    27.0010  0.000e+00
      1.693    26.7504    40.5700    27.0014     5.9299    6.35546    6.37136     93.072     0.9085     0.4181 1.0000e-12    93.2071     0.2814      8.041   230.0802      1.704    26.7500    26.7500      24.88  1027.0087    27.0016  0.000e+00
      1.693    26.7505    40.5703    27.0016     5.9303    6.35543    6.37133     93.078     0.9085     0.4120 1.0000e-12    93.2071     0.2814      8.041   230.0802      1.704    26.7501    26.7501      24.88  1027.0089    27.0018  0.000e+00
      1.748    26.7505    40.5701    27.0015     5.9267    6.35544    6.37134     93.022     0.9207     0.4120 1.0000e-12    93.2071     0.2814      8.041   229.4742      1.759    26.7501    26.7501      24.88  1027.0090    27.0016  0.000e+00
      1.693    26.7505    40.5701    27.0015     5.9307    6.35544    6.37134     93.084     0.9085     0.4181 1.0000e-12    93.2071     0.2814      8.041   230.0802      1.704    26.7501    26.7501      24.88  1027.0087    27.0016  0.000e+00
      1.865    26.7500    40.5699    27.0015     5.9310    6.35551    6.37140     93.088     0.9085     0.4120 1.0000e-12    93.2071     0.2814      8.041   230.0802      1.877    26.7495    26.7495      24.88  1027.0095    27.0017  0.000e+00
      1.810    26.7500    40.5695    27.0012     5.9311    6.35552    6.37142     93.089     0.9085     0.4120 1.0000e-12    93.2071     0.2814      8.041   229.4742      1.822    26.7495    26.7495      24.88  1027.0089    27.0013  0.000e+00
      1.810    26.7492    40.5703    27.0020     5.9352    6.35557    6.37147     93.153     0.9085     0.4181 1.0000e-12    93.2071     0.2814      8.041   230.0802      1.822    26.7488    26.7488      24.88  1027.0098    27.0022  0.000e+00
      1.865    26.7494    40.5702    27.0019     5.9274    6.35556    6.37145     93.031     0.9207     0.4120 1.0000e-12    93.2071     0.2814      8.041   230.0802      1.877    26.7490    26.7490      24.88  1027.0100    27.0021  0.000e+00
      1.865    26.7490    40.5693    27.0014     5.9313    6.35563    6.37152     93.091     0.9085     0.4120 1.0000e-12    93.2071     0.2814      8.041   229.4742      1.877    26.7486    26.7486      24.88  1027.0094    27.0015  0.000e+00
      1.810    26.7490    40.5693    27.0014     5.9312    6.35563    6.37152     93.090     0.9085     0.4181 1.0000e-12    93.2071     0.2814      8.041   229.4742      1.822    26.7486    26.7486      24.88  1027.0092    27.0015  0.000e+00
      1.920    26.7487    40.5700    27.0020     5.9312    6.35564    6.37153     93.090     0.9085     0.4120 1.0000e-12    93.2071     0.2814      8.041   230.0802      1.932    26.7482    26.7482      24.88  1027.0102    27.0021  0.000e+00
      1.920    26.7485    40.5703    27.0023     5.9311    6.35565    6.37155     93.088     0.9207     0.4120 1.0000e-12    93.2071     0.2814      8.041   229.4742      1.932    26.7480    26.7480      24.88  1027.0106    27.0025  0.000e+00
      1.865    26.7485    40.5704    27.0023     5.9309    6.35565    6.37154     93.085     0.9085     0.4120 1.0000e-12    93.2071     0.2814      8.041   230.0802      1.877    26.7480    26.7480      24.88  1027.0103    27.0025  0.000e+00
      1.920    26.7487    40.5704    27.0023     5.9310    6.35563    6.37152     93.085     0.9085     0.4120 1.0000e-12    93.2883     0.2779      8.041   230.0802      1.932    26.7482    26.7482      24.88  1027.0105    27.0024  0.000e+00
      1.920    26.7488    40.5704    27.0022     5.9309    6.35561    6.37151     93.085     0.9207     0.4120 1.0000e-12    93.3695     0.2744      8.041   229.4742      1.932    26.7484    26.7484      24.88  1027.0105    27.0024  0.000e+00
      1.920    26.7487    40.5705    27.0024     5.9270    6.35562    6.37152     93.024     0.9085     0.3998 1.0000e-12    93.3695     0.2744      8.041   230.0802      1.932    26.7482    26.7482      24.88  1027.0106    27.0025  0.000e+00
      1.865    26.7494    40.5701    27.0019     5.9307    6.35556    6.37146     93.082     0.8840     0.3632 1.0000e-12    93.3695     0.2744      8.041   230.0802      1.877    26.7490    26.7490      24.88  1027.0099    27.0020  0.000e+00
      1.920    26.7498    40.5704    27.0020     5.9306    6.35551    6.37141     93.081     0.8840     0.3449 1.0000e-12    93.3695     0.2744      8.041   229.4742      1.932    26.7493    26.7493      24.88  1027.0102    27.0021  0.000e+00
