Data/files/RVJanan07501.cnv
* Sea-Bird SBE 9 Data File:
* FileName = C:\CruiseData\CTD911\RVJanan075\RVJanan07501.hex
* Software Version Seasave V 7.26.7.121
* Temperature SN = 5398
* Conductivity SN = 3798
* Number of Bytes Per Scan = 37
* Number of Voltage Words = 4
* Number of Scans Averaged by the Deck Unit = 1
* NMEA Latitude = 25 29.50 N
* NMEA Longitude = 052 30.66 E
* NMEA UTC (Time) = Sep 05 2019  12:21:19
* NMEA baud rate = 4800
** Ship: R/V JANAN
** Cruise: NPRP10Restore01-Sep19
** Station: Maydan Mahzen reef 097
** Bottom Depth [m]: 31
** Operator: MD
# nquan = 22
# nvalues = 31                          
# units = specified
# name 0 = depSM: Depth [salt water, m]
# name 1 = t090C: Temperature [ITS-90, deg C]
# name 2 = sal00: Salinity, Practical [PSU]
# name 3 = sigma-t00: Density [sigma-t, kg/m^3 ]
# name 4 = sbeox0Mg/L: Oxygen, SBE 43 [mg/l]
# name 5 = oxsatMg/L: Oxygen Saturation, Weiss [mg/l]
# name 6 = oxsolMg/L: Oxygen Saturation, Garcia & Gordon [mg/l]
# name 7 = sbeox0PS: Oxygen, SBE 43 [% saturation]
# name 8 = flECO-AFL: Fluorescence, WET Labs ECO-AFL/FL [mg/m^3]
# name 9 = turbWETntu0: Turbidity, WET Labs ECO [NTU]
# name 10 = par: PAR/Irradiance, Biospherical/Licor
# name 11 = xmiss: Beam Transmission, Chelsea/Seatech [%]
# name 12 = bat: Beam Attenuation, Chelsea/Seatech [1/m]
# name 13 = ph: pH
# name 14 = orp: Oxidation Reduction Potential [mV]
# name 15 = prDM: Pressure, Digiquartz [db]
# name 16 = potemp090C: Potential Temperature [ITS-90, deg C]
# name 17 = pta090C: Potential Temperature Anomaly [ITS-90, deg C], a0 = 0, a1 = 0
# name 18 = ptempC: Pressure Temperature [deg C]
# name 19 = density00: Density [density, kg/m^3]
# name 20 = sigma-é00: Density [sigma-theta, kg/m^3]
# name 21 = flag: flag
# span 0 =      1.000,     31.000       
# span 1 =    34.6069,    35.3632       
# span 2 =    40.8220,    41.1705       
# span 3 =    24.1410,    24.6823       
# span 4 =     4.2425,     5.6414       
# span 5 =    5.55539,    5.60741       
# span 6 =    5.56099,    5.61460       
# span 7 =     75.562,    101.163       
# span 8 =     0.3790,     1.3429       
# span 9 =     0.3111,     0.7412       
# span 10 = 1.0000e-12, 1.0000e-12      
# span 11 =    92.3205,    96.0544      
# span 12 =     0.1610,     0.3196      
# span 13 =      8.106,      8.201      
# span 14 =   214.9543,   217.2031      
# span 15 =      1.007,     31.204      
# span 16 =    34.5982,    35.3629      
# span 17 =    34.5982,    35.3629      
# span 18 =      35.44,      35.47      
# span 19 =  1024.1454,  1024.8093      
# span 20 =    24.1412,    24.6853      
# span 21 = 0.0000e+00, 0.0000e+00      
# interval = meters: 1                  
# start_time = Sep 05 2019 12:21:19 [NMEA time, header]
# bad_flag = -9.990e-29
*END*
      1.000    35.3632    40.8322    24.1412     5.5842    5.55539    5.56099    100.417     0.3790     0.3129 1.0000e-12    95.2935     0.1929      8.193   214.9543      1.007    35.3629    35.3629      35.44  1024.1454    24.1413 0.0000e+00
      2.000    35.3437    40.8220    24.1410     5.6117    5.55730    5.56293    100.878     0.4823     0.3156 1.0000e-12    95.2285     0.1956      8.196   214.9761      2.013    35.3431    35.3431      35.44  1024.1495    24.1412 0.0000e+00
      3.000    35.1856    40.8284    24.2065     5.6408    5.56992    5.57592    101.163     0.5303     0.3123 1.0000e-12    94.5693     0.2234      8.199   215.5088      3.020    35.1848    35.1848      35.44  1024.2192    24.2068 0.0000e+00
      4.000    35.1327    40.8226    24.2224     5.6361    5.57440    5.58053    100.996     0.5821     0.3116 1.0000e-12    94.3073     0.2344      8.199   215.5370      4.026    35.1316    35.1316      35.44  1024.2393    24.2228 0.0000e+00
      5.000    35.0783    40.8249    24.2450     5.6414    5.57877    5.58503    101.009     0.6129     0.3180 1.0000e-12    93.6357     0.2631      8.199   215.5467      5.033    35.0769    35.0769      35.45  1024.2662    24.2455 0.0000e+00
      6.000    35.0339    40.8319    24.2672     5.6353    5.58220    5.58855    100.837     0.6787     0.3127 1.0000e-12    92.7926     0.2992      8.200   215.8529      6.039    35.0322    35.0322      35.45  1024.2926    24.2678 0.0000e+00
      7.000    35.0054    40.8404    24.2844     5.6371    5.58428    5.59069    100.831     0.8238     0.3298 1.0000e-12    92.3764     0.3172      8.201   216.1043      7.046    35.0035    35.0035      35.45  1024.3140    24.2851 0.0000e+00
      8.000    34.9969    40.8485    24.2937     5.6292    5.58474    5.59117    100.680     0.8902     0.3344 1.0000e-12    92.3205     0.3196      8.200   216.1431      8.052    34.9946    34.9946      35.45  1024.3276    24.2945 0.0000e+00
      9.000    34.9888    40.8574    24.3034     5.6180    5.58513    5.59158    100.472     1.0247     0.3439 1.0000e-12    92.5499     0.3097      8.200   216.1516      9.059    34.9863    34.9863      35.46  1024.3416    24.3044 0.0000e+00
     10.000    34.9814    40.8640    24.3112     5.6041    5.58555    5.59201    100.216     1.0693     0.3473 1.0000e-12    92.6172     0.3068      8.200   215.5323     10.065    34.9785    34.9785      35.46  1024.3536    24.3123 0.0000e+00
     11.000    34.9692    40.8685    24.3192     5.5952    5.58641    5.59290    100.042     1.0734     0.3425 1.0000e-12    92.8633     0.2962      8.198   215.5389     11.072    34.9661    34.9661      35.46  1024.3658    24.3204 0.0000e+00
     12.000    34.9620    40.8723    24.3248     5.5781    5.58688    5.59339     99.727     1.0729     0.3350 1.0000e-12    93.1111     0.2855      8.196   215.5366     12.078    34.9586    34.9586      35.46  1024.3756    24.3260 0.0000e+00
     13.000    34.9442    40.8759    24.3343     5.5682    5.58824    5.59478     99.526     1.1698     0.3463 1.0000e-12    93.0823     0.2868      8.196   215.5512     13.085    34.9406    34.9406      35.46  1024.3894    24.3357 0.0000e+00
     14.000    34.9391    40.8825    24.3411     5.5493    5.58846    5.59501     99.183     1.2130     0.3370 1.0000e-12    93.6697     0.2616      8.194   215.6402     14.092    34.9352    34.9352      35.46  1024.4005    24.3426 0.0000e+00
     15.000    34.9360    40.8914    24.3490     5.5209    5.58844    5.59500     98.676     1.1640     0.3290 1.0000e-12    94.0432     0.2457      8.191   215.8953     15.098    34.9318    34.9318      35.46  1024.4126    24.3506 0.0000e+00
     16.000    34.9271    40.9061    24.3634     5.5026    5.58874    5.59531     98.343     1.1552     0.3155 1.0000e-12    94.8579     0.2112      8.189   216.0905     16.105    34.9226    34.9226      35.46  1024.4312    24.3651 0.0000e+00
     17.000    34.9044    40.9302    24.3900     5.4366    5.58989    5.59650     97.143     1.1269     0.3227 1.0000e-12    96.0299     0.1620      8.185   216.1451     17.111    34.8996    34.8996      35.46  1024.4621    24.3919 0.0000e+00
     18.000    34.8260    40.9748    24.4532     5.2842    5.59501    5.60178     94.331     1.0216     0.3111 1.0000e-12    96.0544     0.1610      8.176   216.2043     18.118    34.8209    34.8209      35.46  1024.5295    24.4552 0.0000e+00
     19.000    34.7842    40.9909    24.4812     5.1066    5.59796    5.60482     91.111     1.1068     0.3185 1.0000e-12    95.6986     0.1759      8.166   216.5473     19.125    34.7788    34.7788      35.46  1024.5617    24.4832 0.0000e+00
     20.000    34.7363    41.0247    24.5247     4.9868    5.60089    5.60784     88.926     1.2495     0.3284 1.0000e-12    95.0250     0.2041      8.157   216.7396     20.131    34.7307    34.7307      35.46  1024.6095    24.5268 0.0000e+00
     21.000    34.7100    41.0374    24.5442     4.8721    5.60268    5.60968     86.852     1.2958     0.3374 1.0000e-12    94.9420     0.2076      8.149   216.7487     21.138    34.7041    34.7041      35.46  1024.6332    24.5464 0.0000e+00
     22.000    34.6978    41.0419    24.5522     4.7729    5.60355    5.61059     85.069     1.3429     0.3456 1.0000e-12    94.8428     0.2118      8.140   216.7557     22.145    34.6916    34.6916      35.46  1024.6455    24.5545 0.0000e+00
     23.000    34.6768    41.0485    24.5651     4.7427    5.60508    5.61216     84.508     1.3003     0.3483 1.0000e-12    94.8156     0.2130      8.139   216.8796     23.151    34.6704    34.6704      35.46  1024.6626    24.5676 0.0000e+00
     24.000    34.6268    41.1147    24.6336     4.6039    5.60724    5.61440     82.001     1.3021     0.3506 1.0000e-12    94.7127     0.2173      8.130   217.0783     24.158    34.6200    34.6200      35.47  1024.7354    24.6362 0.0000e+00
     25.000    34.6114    41.1606    24.6738     4.4648    5.60714    5.61432     79.525     1.1375     0.4267 1.0000e-12    94.0622     0.2449      8.122   217.1981     25.164    34.6043    34.6043      35.46  1024.7798    24.6765 0.0000e+00
     26.000    34.6079    41.1687    24.6812     4.3699    5.60719    5.61437     77.834     0.9169     0.5908 1.0000e-12    92.9588     0.2920      8.115   217.2031     26.171    34.6006    34.6006      35.47  1024.7914    24.6840 0.0000e+00
     27.000    34.6076    41.1690    24.6815     4.3230    5.60720    5.61439     76.999     0.7941     0.6893 1.0000e-12    93.0622     0.2876      8.112   217.1592     27.178    34.6000    34.6000      35.47  1024.7960    24.6844 0.0000e+00
     28.000    34.6083    41.1705    24.6823     4.2754    5.60710    5.61428     76.153     0.8391     0.6706 1.0000e-12    93.1428     0.2841      8.108   216.7746     28.184    34.6004    34.6004      35.47  1024.8010    24.6853 0.0000e+00
     29.000    34.6074    41.1684    24.6811     4.2574    5.60723    5.61442     75.829     0.7867     0.6946 1.0000e-12    92.8548     0.2965      8.106   216.7443     29.191    34.5993    34.5993      35.47  1024.8041    24.6842 0.0000e+00
     30.000    34.6078    41.1681    24.6807     4.2527    5.60721    5.61440     75.747     0.7876     0.7204 1.0000e-12    92.6679     0.3046      8.106   216.7452     30.198    34.5994    34.5994      35.47  1024.8079    24.6839 0.0000e+00
     31.000    34.6069    41.1638    24.6779     4.2425    5.60741    5.61460     75.562     0.9297     0.7412 1.0000e-12    92.5509     0.3096      8.106   216.7540     31.204    34.5982    34.5982      35.47  1024.8093    24.6811 0.0000e+00
