Data/files/RVJanan08001.cnv
* Sea-Bird SBE 9 Data File:
* FileName = C:\CruiseData\CTD911\RVJanan080\RVJanan08001.hex
* Software Version Seasave V 7.26.7.121
* Temperature SN = 5958
* Conductivity SN = 3674
* Number of Bytes Per Scan = 37
* Number of Voltage Words = 4
* Number of Scans Averaged by the Deck Unit = 1
* NMEA Latitude = 25 02.14 N
* NMEA Longitude = 052 13.11 E
* NMEA UTC (Time) = Dec 08 2019  12:05:17
* NMEA baud rate = 4800
** Ship: R/V JANAN
** Cruise: NPRP10Restore02-Dec19
** Station: Sheraoh Island (053)
** Bottom Depth [m]: 15
** Operator: MD
# nquan = 22
# nvalues = 6573                                  
# units = specified
# name 0 = depSM: Depth [salt water, m]
# name 1 = t090C: Temperature [ITS-90, deg C]
# name 2 = sal00: Salinity, Practical [PSU]
# name 3 = sigma-t00: Density [sigma-t, kg/m^3 ]
# name 4 = sbeox0Mg/L: Oxygen, SBE 43 [mg/l]
# name 5 = oxsatMg/L: Oxygen Saturation, Weiss [mg/l]
# name 6 = oxsolMg/L: Oxygen Saturation, Garcia & Gordon [mg/l]
# name 7 = sbeox0PS: Oxygen, SBE 43 [% saturation]
# name 8 = flECO-AFL: Fluorescence, WET Labs ECO-AFL/FL [mg/m^3]
# name 9 = turbWETntu0: Turbidity, WET Labs ECO [NTU]
# name 10 = par: PAR/Irradiance, Biospherical/Licor
# name 11 = xmiss: Beam Transmission, Chelsea/Seatech [%]
# name 12 = bat: Beam Attenuation, Chelsea/Seatech [1/m]
# name 13 = ph: pH
# name 14 = orp: Oxidation Reduction Potential [mV]
# name 15 = prDM: Pressure, Digiquartz [db]
# name 16 = potemp090C: Potential Temperature [ITS-90, deg C]
# name 17 = pta090C: Potential Temperature Anomaly [ITS-90, deg C], a0 = 0, a1 = 0
# name 18 = ptempC: Pressure Temperature [deg C]
# name 19 = density00: Density [density, kg/m^3]
# name 20 = sigma-é00: Density [sigma-theta, kg/m^3]
# name 21 = flag:  0.000e+00
# span 0 =     -0.146,     14.668                 
# span 1 =    25.3532,    26.4720                 
# span 2 =     4.8998,    43.6754                 
# span 3 =     0.5371,    29.4430                 
# span 4 =     5.4138,     7.5241                 
# span 5 =    6.27395,    7.93777                 
# span 6 =    6.28919,    7.95766                 
# span 7 =     86.001,     95.109                 
# span 8 =    -0.0928,     1.7143                 
# span 9 =     0.0213,     1.3644                 
# span 10 = 1.0000e-12, 1.0000e-12                
# span 11 =    81.8675,    93.4236                
# span 12 =     0.2721,     0.8003                
# span 13 =      7.983,      8.032                
# span 14 =   275.5289,   277.3469                
# span 15 =     -0.146,     14.763                
# span 16 =    25.3532,    26.4687                
# span 17 =    25.3532,    26.4687                
# span 18 =      29.69,      29.80                
# span 19 =  1000.5372,  1029.5036                
# span 20 =     0.5371,    29.4440                
# span 21 = 0.0000e+00, 0.0000e+00                
# interval = seconds: 0.0416667
# start_time = Dec 08 2019 12:05:17 [NMEA time, header]
# bad_flag = -9.990e-29
*END*
[from data line 5136]
      1.028    26.1101    42.4336    28.6189     6.0065    6.35568    6.37124     94.276     0.4567     0.4487 1.0000e-12    92.2870     0.3211      8.025   276.1349      1.034    26.1098    26.1098      29.72  1028.6233    28.6190  0.000e+00
      0.973    26.1101    42.4334    28.6188     6.0109    6.35568    6.37123     94.345     0.4567     0.4487 1.0000e-12    92.2870     0.3211      8.025   276.1349      0.979    26.1099    26.1099      29.72  1028.6229    28.6188  0.000e+00
      0.965    26.1101    42.4335    28.6188     6.0076    6.35568    6.37124     94.292     0.4567     0.4487 1.0000e-12    92.2870     0.3211      8.025   276.1349      0.972    26.1098    26.1098      29.72  1028.6230    28.6189  0.000e+00
      0.911    26.1096    42.4345    28.6198     6.0040    6.35570    6.37125     94.236     0.4567     0.4364 1.0000e-12    92.2870     0.3211      8.025   276.1349      0.916    26.1094    26.1094      29.71  1028.6237    28.6198  0.000e+00
      0.965    26.1094    42.4343    28.6197     6.0044    6.35572    6.37128     94.242     0.4567     0.4425 1.0000e-12    92.2870     0.3211      8.025   276.1349      0.972    26.1092    26.1092      29.72  1028.6238    28.6197  0.000e+00
      0.973    26.1097    42.4344    28.6196     6.0048    6.35569    6.37125     94.248     0.4567     0.4364 1.0000e-12    92.2870     0.3211      8.025   276.1349      0.979    26.1095    26.1095      29.72  1028.6238    28.6197  0.000e+00
      0.965    26.1099    42.4341    28.6194     6.0051    6.35567    6.37123     94.254     0.4567     0.4425 1.0000e-12    92.2870     0.3211      8.020   276.1349      0.971    26.1097    26.1097      29.72  1028.6235    28.6195  0.000e+00
      1.028    26.1101    42.4341    28.6193     6.0098    6.35566    6.37122     94.327     0.4567     0.4487 1.0000e-12    92.2870     0.3211      8.025   276.1349      1.034    26.1098    26.1098      29.72  1028.6237    28.6194  0.000e+00
      1.028    26.1099    42.4341    28.6194     6.0104    6.35567    6.37123     94.337     0.4567     0.4425 1.0000e-12    92.2870     0.3211      8.025   276.1349      1.034    26.1097    26.1097      29.72  1028.6238    28.6194  0.000e+00
      0.973    26.1101    42.4338    28.6191     6.0148    6.35567    6.37123     94.406     0.4567     0.4487 1.0000e-12    92.2870     0.3211      8.025   276.1349      0.979    26.1098    26.1098      29.72  1028.6233    28.6192  0.000e+00
      1.028    26.1099    42.4343    28.6195     6.0117    6.35567    6.37122     94.357     0.4567     0.4487 1.0000e-12    92.2870     0.3211      8.025   276.1349      1.034    26.1097    26.1097      29.72  1028.6239    28.6196  0.000e+00
      1.028    26.1098    42.4342    28.6195     6.0162    6.35568    6.37123     94.428     0.4567     0.4487 1.0000e-12    92.2870     0.3211      8.025   276.1349      1.034    26.1096    26.1096      29.72  1028.6239    28.6195  0.000e+00
      0.965    26.1099    42.4343    28.6195     6.0168    6.35567    6.37122     94.438     0.4567     0.4425 1.0000e-12    92.2870     0.3211      8.025   276.1349      0.971    26.1097    26.1097      29.72  1028.6236    28.6196  0.000e+00
      1.028    26.1101    42.4342    28.6193     6.0174    6.35565    6.37120     94.446     0.4567     0.4425 1.0000e-12    92.2870     0.3211      8.025   276.1349      1.034    26.1099    26.1099      29.72  1028.6238    28.6194  0.000e+00
      1.028    26.1102    42.4338    28.6190     6.0179    6.35565    6.37121     94.454     0.4567     0.4425 1.0000e-12    92.2870     0.3211      8.025   276.1349      1.034    26.1100    26.1100      29.72  1028.6234    28.6191  0.000e+00
      1.028    26.1103    42.4342    28.6193     6.0184    6.35563    6.37119     94.462     0.4567     0.4425 1.0000e-12    92.2599     0.3222      8.025   276.1349      1.034    26.1101    26.1101      29.72  1028.6237    28.6194  0.000e+00
      1.082    26.1104    42.4336    28.6188     6.0227    6.35564    6.37119     94.530     0.4567     0.4425 1.0000e-12    92.2599     0.3222      8.025   276.1349      1.089    26.1102    26.1102      29.72  1028.6235    28.6189  0.000e+00
      1.028    26.1103    42.4339    28.6191     6.0270    6.35564    6.37120     94.597     0.4445     0.4364 1.0000e-12    92.2599     0.3222      8.025   276.1349      1.034    26.1101    26.1101      29.72  1028.6235    28.6192  0.000e+00
      1.082    26.1101    42.4339    28.6192     6.0237    6.35567    6.37122     94.545     0.4445     0.4303 1.0000e-12    92.2599     0.3222      8.025   276.1349      1.089    26.1098    26.1098      29.72  1028.6238    28.6193  0.000e+00
      1.082    26.1101    42.4341    28.6193     6.0239    6.35565    6.37121     94.549     0.4445     0.4242 1.0000e-12    92.2599     0.3222      8.025   276.1349      1.089    26.1099    26.1099      29.72  1028.6239    28.6194  0.000e+00
      1.082    26.1098    42.4341    28.6194     6.0282    6.35568    6.37124     94.615     0.4445     0.4364 1.0000e-12    92.2599     0.3222      8.025   276.1349      1.089    26.1096    26.1096      29.72  1028.6240    28.6195  0.000e+00
      1.082    26.1101    42.4338    28.6190     6.0285    6.35566    6.37122     94.621     0.4445     0.4364 1.0000e-12    92.2599     0.3222      8.025   276.1349      1.089    26.1099    26.1099      29.72  1028.6237    28.6191  0.000e+00
      1.145    26.1101    42.4337    28.6190     6.0249    6.35567    6.37122     94.565     0.4445     0.4303 1.0000e-12    92.2599     0.3222      8.025   276.1349      1.152    26.1099    26.1099      29.72  1028.6239    28.6191  0.000e+00
      1.082    26.1098    42.4340    28.6193     6.0290    6.35568    6.37124     94.629     0.4445     0.4364 1.0000e-12    92.2599     0.3222      8.025   276.1349      1.089    26.1096    26.1096      29.72  1028.6240    28.6194  0.000e+00
      1.145    26.1099    42.4339    28.6192     6.0254    6.35568    6.37124     94.572     0.4445     0.4303 1.0000e-12    92.2599     0.3222      8.025   276.1349      1.152    26.1097    26.1097      29.72  1028.6241    28.6193  0.000e+00
      1.200    26.1097    42.4338    28.6192     6.0294    6.35571    6.37126     94.634     0.4445     0.4364 1.0000e-12    92.2599     0.3222      8.025   276.1349      1.207    26.1094    26.1094      29.72  1028.6244    28.6193  0.000e+00
      1.145    26.1094    42.4340    28.6195     6.0216    6.35573    6.37129     94.511     0.4445     0.4303 1.0000e-12    92.2599     0.3222      8.025   275.5289      1.152    26.1091    26.1091      29.72  1028.6244    28.6196  0.000e+00
      1.200    26.1095    42.4339    28.6194     6.0215    6.35573    6.37128     94.510     0.4445     0.4364 1.0000e-12    92.2599     0.3222      8.025   276.1349      1.207    26.1092    26.1092      29.72  1028.6245    28.6195  0.000e+00
      1.200    26.1092    42.4339    28.6194     6.0174    6.35576    6.37131     94.445     0.4445     0.4303 1.0000e-12    92.2599     0.3222      8.025   276.1349      1.207    26.1089    26.1089      29.72  1028.6246    28.6195  0.000e+00
      1.199    26.1087    42.4340    28.6197     6.0131    6.35580    6.37136     94.377     0.4445     0.4303 1.0000e-12    92.2599     0.3222      8.025   276.1349      1.207    26.1085    26.1085      29.71  1028.6248    28.6197  0.000e+00
      1.262    26.1085    42.4338    28.6196     6.0127    6.35584    6.37139     94.370     0.4445     0.4303 1.0000e-12    92.2599     0.3222      8.025   276.1349      1.270    26.1082    26.1082      29.72  1028.6250    28.6197  0.000e+00
      1.199    26.1080    42.4335    28.6195     6.0162    6.35590    6.37145     94.424     0.4445     0.4364 1.0000e-12    92.2599     0.3222      8.025   276.1349      1.207    26.1077    26.1077      29.72  1028.6247    28.6196  0.000e+00
      1.262    26.1073    42.4343    28.6203     6.0079    6.35594    6.37149     94.294     0.4445     0.4303 1.0000e-12    92.2599     0.3222      8.025   276.1349      1.270    26.1070    26.1070      29.72  1028.6257    28.6204  0.000e+00
      1.254    26.1073    42.4343    28.6203     6.0072    6.35594    6.37149     94.283     0.4445     0.4364 1.0000e-12    92.2599     0.3222      8.025   276.1349      1.262    26.1071    26.1071      29.72  1028.6257    28.6204  0.000e+00
      1.262    26.1073    42.4344    28.6205     6.0026    6.35594    6.37150     94.209     0.4445     0.4303 1.0000e-12    92.2599     0.3222      8.025   276.1349      1.270    26.1070    26.1070      29.72  1028.6259    28.6206  0.000e+00
      1.309    26.1075    42.4341    28.6201     6.0019    6.35592    6.37148     94.200     0.4445     0.4364 1.0000e-12    92.2599     0.3222      8.025   276.1349      1.317    26.1072    26.1072      29.72  1028.6257    28.6202  0.000e+00
      1.262    26.1078    42.4342    28.6201     5.9930    6.35589    6.37145     94.061     0.4445     0.4303 1.0000e-12    92.2870     0.3211      8.025   276.1349      1.270    26.1075    26.1075      29.72  1028.6255    28.6202  0.000e+00
      1.309    26.1079    42.4342    28.6201     5.9921    6.35588    6.37144     94.046     0.4445     0.4242 1.0000e-12    92.2870     0.3211      8.025   275.5289      1.317    26.1076    26.1076      29.72  1028.6257    28.6201  0.000e+00
      1.317    26.1087    42.4340    28.6197     5.9953    6.35580    6.37136     94.097     0.4445     0.4364 1.0000e-12    92.2870     0.3211      8.025   276.1349      1.325    26.1084    26.1084      29.72  1028.6253    28.6198  0.000e+00
      1.371    26.1096    42.4336    28.6191     5.9983    6.35573    6.37128     94.146     0.4445     0.4364 1.0000e-12    92.2870     0.3211      8.025   276.1349      1.380    26.1092    26.1092      29.72  1028.6250    28.6192  0.000e+00
      1.317    26.1102    42.4332    28.6186     5.9937    6.35568    6.37123     94.075     0.4445     0.4364 1.0000e-12    92.2870     0.3211      8.025   276.1349      1.325    26.1099    26.1099      29.72  1028.6242    28.6187  0.000e+00
      1.309    26.1107    42.4330    28.6183     5.9888    6.35563    6.37119     93.999     0.4445     0.4303 1.0000e-12    92.2870     0.3211      8.025   276.1349      1.317    26.1104    26.1104      29.72  1028.6239    28.6184  0.000e+00
      1.371    26.1117    42.4325    28.6176     5.9918    6.35554    6.37110     94.046     0.4445     0.4303 1.0000e-12    92.2870     0.3211      8.025   276.1349      1.380    26.1114    26.1114      29.71  1028.6234    28.6177  0.000e+00
      1.371    26.1127    42.4322    28.6170     5.9951    6.35545    6.37100     94.099     0.4445     0.4364 1.0000e-12    92.2870     0.3211      8.025   276.1349      1.380    26.1124    26.1124      29.72  1028.6229    28.6171  0.000e+00
      1.371    26.1136    42.4313    28.6160     5.9904    6.35539    6.37094     94.027     0.4445     0.4425 1.0000e-12    92.2870     0.3211      8.025   276.1349      1.380    26.1133    26.1133      29.72  1028.6219    28.6161  0.000e+00
      1.371    26.1143    42.4311    28.6156     5.9938    6.35532    6.37088     94.081     0.4445     0.4548 1.0000e-12    92.2870     0.3211      8.025   276.1349      1.380    26.1140    26.1140      29.72  1028.6215    28.6157  0.000e+00
      1.426    26.1151    42.4306    28.6150     5.9894    6.35526    6.37081     94.012     0.4445     0.4487 1.0000e-12    92.2870     0.3211      8.025   276.1349      1.435    26.1148    26.1148      29.72  1028.6211    28.6151  0.000e+00
      1.371    26.1156    42.4303    28.6147     5.9888    6.35521    6.37077     94.004     0.4445     0.4487 1.0000e-12    92.2870     0.3211      8.025   276.1349      1.380    26.1153    26.1153      29.72  1028.6205    28.6148  0.000e+00
      1.426    26.1166    42.4299    28.6141     5.9922    6.35512    6.37068     94.059     0.4445     0.4487 1.0000e-12    92.2870     0.3211      8.025   276.1349      1.435    26.1163    26.1163      29.72  1028.6202    28.6142  0.000e+00
      1.434    26.1173    42.4296    28.6136     5.9959    6.35506    6.37062     94.117     0.4445     0.4548 1.0000e-12    92.2870     0.3211      8.025   276.1349      1.443    26.1170    26.1170      29.72  1028.6198    28.6137  0.000e+00
      1.426    26.1183    42.4290    28.6128     5.9919    6.35498    6.37054     94.056     0.4445     0.4487 1.0000e-12    92.2870     0.3211      8.025   276.1349      1.435    26.1179    26.1179      29.72  1028.6190    28.6129  0.000e+00
      1.434    26.1194    42.4281    28.6118     5.9955    6.35490    6.37045     94.115     0.4445     0.4487 1.0000e-12    92.2870     0.3211      8.025   276.1349      1.443    26.1191    26.1191      29.72  1028.6179    28.6119  0.000e+00
      1.488    26.1201    42.4274    28.6111     5.9913    6.35485    6.37040     94.049     0.4445     0.4487 1.0000e-12    92.2870     0.3211      8.025   276.1349      1.498    26.1197    26.1197      29.72  1028.6174    28.6112  0.000e+00
      1.434    26.1205    42.4271    28.6106     5.9908    6.35482    6.37037     94.042     0.4445     0.4487 1.0000e-12    92.2870     0.3211      8.025   276.1349      1.443    26.1202    26.1202      29.72  1028.6168    28.6108  0.000e+00
      1.426    26.1205    42.4263    28.6100     5.9905    6.35485    6.37041     94.036     0.4445     0.4487 1.0000e-12    92.2599     0.3222      8.025   276.1349      1.435    26.1201    26.1201      29.72  1028.6162    28.6101  0.000e+00
      1.488    26.1195    42.4262    28.6103     5.9902    6.35495    6.37050     94.031     0.4445     0.4487 1.0000e-12    92.2599     0.3222      8.025   276.1349      1.498    26.1192    26.1192      29.72  1028.6167    28.6104  0.000e+00
      1.488    26.1175    42.4276    28.6120     5.9902    6.35511    6.37067     94.028     0.4445     0.4487 1.0000e-12    92.2599     0.3222      8.025   276.1349      1.498    26.1172    26.1172      29.71  1028.6184    28.6121  0.000e+00
      1.434    26.1160    42.4287    28.6133     5.9902    6.35523    6.37079     94.026     0.4445     0.4487 1.0000e-12    92.2599     0.3222      8.025   276.1349      1.443    26.1157    26.1157      29.72  1028.6194    28.6134  0.000e+00
      1.488    26.1155    42.4290    28.6137     5.9863    6.35528    6.37083     93.965     0.4445     0.4487 1.0000e-12    92.2599     0.3222      8.025   276.1349      1.498    26.1151    26.1151      29.72  1028.6201    28.6138  0.000e+00
      1.543    26.1156    42.4286    28.6134     5.9861    6.35527    6.37083     93.961     0.4445     0.4548 1.0000e-12    92.2599     0.3222      8.025   276.1349      1.553    26.1153    26.1153      29.72  1028.6200    28.6135  0.000e+00
      1.488    26.1161    42.4284    28.6130     5.9860    6.35524    6.37079     93.959     0.4445     0.4487 1.0000e-12    92.2599     0.3222      8.025   276.1349      1.498    26.1157    26.1157      29.72  1028.6194    28.6132  0.000e+00
      1.488    26.1158    42.4275    28.6125     5.9900    6.35529    6.37085     94.022     0.4445     0.4487 1.0000e-12    92.2599     0.3222      8.025   276.1349      1.498    26.1155    26.1155      29.72  1028.6189    28.6126  0.000e+00
      1.543    26.1157    42.4275    28.6125     5.9862    6.35531    6.37086     93.963     0.4445     0.4487 1.0000e-12    92.2599     0.3222      8.025   276.1349      1.553    26.1153    26.1153      29.72  1028.6191    28.6126  0.000e+00
      1.488    26.1147    42.4277    28.6129     5.9824    6.35540    6.37096     93.900     0.4445     0.4487 1.0000e-12    92.2599     0.3222      8.025   276.1349      1.498    26.1144    26.1144      29.72  1028.6193    28.6131  0.000e+00
      1.488    26.1140    42.4286    28.6139     5.9823    6.35545    6.37100     93.899     0.4445     0.4487 1.0000e-12    92.2599     0.3222      8.025   276.1349      1.498    26.1136    26.1136      29.72  1028.6203    28.6140  0.000e+00
