Data/files/RVJanan08004.cnv
* Sea-Bird SBE 9 Data File:
* FileName = C:\CruiseData\CTD911\RVJanan080\Hex\RVJanan08004.hex
* Software Version Seasave V 7.26.7.121
* Temperature SN = 5958
* Conductivity SN = 3674
* Number of Bytes Per Scan = 37
* Number of Voltage Words = 4
* Number of Scans Averaged by the Deck Unit = 1
* NMEA Latitude = 25 42.41 N
* NMEA Longitude = 052 37.59 E
* NMEA UTC (Time) = Dec 10 2019  05:59:38
* NMEA baud rate = 4800
** Ship: R/V JANAN
** Cruise: NPRP10Restore02-Dec19
** Station: FashtEHalul
** Bottom Depth [m]: 48
** Operator: MD
# nquan = 22
# nvalues = 7913                                  
# units = specified
# name 0 = depSM: Depth [salt water, m]
# name 1 = t090C: Temperature [ITS-90, deg C]
# name 2 = sal00: Salinity, Practical [PSU]
# name 3 = sigma-t00: Density [sigma-t, kg/m^3 ]
# name 4 = sbeox0Mg/L: Oxygen, SBE 43 [mg/l]
# name 5 = oxsatMg/L: Oxygen Saturation, Weiss [mg/l]
# name 6 = oxsolMg/L: Oxygen Saturation, Garcia & Gordon [mg/l]
# name 7 = sbeox0PS: Oxygen, SBE 43 [% saturation]
# name 8 = flECO-AFL: Fluorescence, WET Labs ECO-AFL/FL [mg/m^3]
# name 9 = turbWETntu0: Turbidity, WET Labs ECO [NTU]
# name 10 = par: PAR/Irradiance, Biospherical/Licor
# name 11 = xmiss: Beam Transmission, Chelsea/Seatech [%]
# name 12 = bat: Beam Attenuation, Chelsea/Seatech [1/m]
# name 13 = ph: pH
# name 14 = orp: Oxidation Reduction Potential [mV]
# name 15 = prDM: Pressure, Digiquartz [db]
# name 16 = potemp090C: Potential Temperature [ITS-90, deg C]
# name 17 = pta090C: Potential Temperature Anomaly [ITS-90, deg C], a0 = 0, a1 = 0
# name 18 = ptempC: Pressure Temperature [deg C]
# name 19 = density00: Density [density, kg/m^3]
# name 20 = sigma-é00: Density [sigma-theta, kg/m^3]
# name 21 = flag:  0.000e+00
# span 0 =     -0.160,     48.244                 
# span 1 =    26.5129,    27.0429                 
# span 2 =     2.3198,    40.8140                 
# span 3 =    -1.7003,    27.1136                 
# span 4 =     4.9805,     6.8450                 
# span 5 =    6.32330,    7.86671                 
# span 6 =    6.33909,    7.88699                 
# span 7 =     63.773,     87.993                 
# span 8 =    -0.0317,     0.8352                 
# span 9 =    -0.1741,     4.3864                 
# span 10 = 1.0000e-12, 1.0000e-12                
# span 11 =    72.1787,   103.5454                
# span 12 =    -0.1394,     1.3041                
# span 13 =      8.013,      8.037                
# span 14 =   245.8358,   248.2597                
# span 15 =     -0.162,     48.565                
# span 16 =    26.5129,    27.0368                
# span 17 =    26.5129,    27.0368                
# span 18 =      22.44,      22.61                
# span 19 =   998.2990,  1027.3190                
# span 20 =    -1.7003,    27.1173                
# span 21 = 0.0000e+00, 0.0000e+00                
# interval = seconds: 0.0416667
# start_time = Dec 10 2019 05:59:38 [NMEA time, header]
# bad_flag = -9.990e-29
*END*
[from data line 5597]
      1.828    26.9043    39.9755    26.5021     5.5616    6.36064    6.37664     87.218     0.5422     0.3021 1.0000e-12    95.6699     0.1771      8.027   245.8358      1.840    26.9039    26.9039      22.54  1026.5099    26.5022  0.000e+00
      1.828    26.9047    39.9753    26.5019     5.5619    6.36061    6.37661     87.223     0.5422     0.3143 1.0000e-12    95.6699     0.1771      8.027   245.8358      1.840    26.9042    26.9042      22.57  1026.5097    26.5020  0.000e+00
      1.828    26.9047    39.9744    26.5011     5.5662    6.36064    6.37664     87.291     0.5422     0.3143 1.0000e-12    95.6699     0.1771      8.027   245.8358      1.840    26.9043    26.9043      22.55  1026.5090    26.5013  0.000e+00
      1.828    26.9043    39.9736    26.5007     5.5628    6.36071    6.37670     87.236     0.5422     0.3082 1.0000e-12    95.6699     0.1771      8.027   245.8358      1.840    26.9039    26.9039      22.54  1026.5086    26.5008  0.000e+00
      1.828    26.9036    39.9740    26.5012     5.5632    6.36077    6.37677     87.241     0.5422     0.3082 1.0000e-12    95.6699     0.1771      8.027   245.8358      1.840    26.9032    26.9032      22.54  1026.5091    26.5013  0.000e+00
      1.773    26.9032    39.9741    26.5014     5.5635    6.36081    6.37681     87.246     0.5300     0.3021 1.0000e-12    95.6699     0.1771      8.027   245.8358      1.785    26.9028    26.9028      22.54  1026.5090    26.5016  0.000e+00
      1.773    26.9029    39.9745    26.5018     5.5639    6.36083    6.37683     87.252     0.5177     0.3021 1.0000e-12    95.6699     0.1771      8.027   245.8358      1.785    26.9025    26.9025      22.54  1026.5095    26.5020  0.000e+00
      1.773    26.9034    39.9745    26.5016     5.5642    6.36077    6.37677     87.257     0.5055     0.2899 1.0000e-12    95.6699     0.1771      8.027   245.8358      1.785    26.9030    26.9030      22.54  1026.5093    26.5018  0.000e+00
      1.828    26.9037    39.9748    26.5018     5.5723    6.36073    6.37672     87.386     0.5055     0.3021 1.0000e-12    95.6699     0.1771      8.027   245.8358      1.840    26.9033    26.9033      22.54  1026.5096    26.5019  0.000e+00
      1.719    26.9042    39.9752    26.5020     5.5687    6.36067    6.37666     87.330     0.5177     0.2960 1.0000e-12    95.6699     0.1771      8.027   245.8358      1.730    26.9038    26.9038      22.54  1026.5094    26.5021  0.000e+00
      1.773    26.9046    39.9758    26.5023     5.5689    6.36061    6.37660     87.333     0.5055     0.3021 1.0000e-12    95.6699     0.1771      8.027   245.8358      1.785    26.9041    26.9041      22.54  1026.5099    26.5024  0.000e+00
      1.719    26.9060    39.9762    26.5021     5.5688    6.36044    6.37644     87.334     0.5055     0.2960 1.0000e-12    95.6428     0.1782      8.027   245.8358      1.730    26.9056    26.9056      22.53  1026.5095    26.5023  0.000e+00
      1.719    26.9071    39.9768    26.5022     5.5688    6.36030    6.37630     87.336     0.5055     0.2960 1.0000e-12    95.6158     0.1793      8.027   245.8358      1.730    26.9067    26.9067      22.53  1026.5096    26.5024  0.000e+00
      1.656    26.9079    39.9777    26.5026     5.5726    6.36019    6.37619     87.397     0.5055     0.3021 1.0000e-12    95.6158     0.1793      8.027   245.8358      1.667    26.9075    26.9075      22.54  1026.5097    26.5027  0.000e+00
      1.719    26.9094    39.9779    26.5023     5.5686    6.36003    6.37602     87.336     0.5055     0.2960 1.0000e-12    95.6158     0.1793      8.027   246.4417      1.730    26.9090    26.9090      22.54  1026.5097    26.5024  0.000e+00
      1.602    26.9103    39.9777    26.5018     5.5645    6.35994    6.37593     87.273     0.5055     0.2960 1.0000e-12    95.6158     0.1793      8.027   245.8358      1.612    26.9100    26.9100      22.54  1026.5087    26.5020  0.000e+00
      1.656    26.9107    39.9775    26.5016     5.5640    6.35991    6.37590     87.266     0.5055     0.2960 1.0000e-12    95.6158     0.1793      8.027   245.8358      1.667    26.9103    26.9103      22.54  1026.5087    26.5017  0.000e+00
      1.602    26.9112    39.9773    26.5012     5.5674    6.35986    6.37585     87.321     0.5055     0.2960 1.0000e-12    95.6158     0.1793      8.027   245.8358      1.612    26.9108    26.9108      22.54  1026.5081    26.5013  0.000e+00
      1.602    26.9112    39.9779    26.5017     5.5631    6.35984    6.37583     87.253     0.5055     0.2960 1.0000e-12    95.6158     0.1793      8.031   245.8358      1.612    26.9108    26.9108      22.54  1026.5086    26.5018  0.000e+00
      1.602    26.9118    39.9782    26.5017     5.5625    6.35977    6.37576     87.244     0.5055     0.2899 1.0000e-12    95.6158     0.1793      8.027   245.8358      1.612    26.9114    26.9114      22.54  1026.5086    26.5019  0.000e+00
      1.602    26.9125    39.9774    26.5009     5.5658    6.35972    6.37571     87.298     0.5055     0.2960 1.0000e-12    95.6158     0.1793      8.031   245.8358      1.612    26.9121    26.9121      22.54  1026.5078    26.5011  0.000e+00
      1.539    26.9124    39.9781    26.5015     5.5616    6.35971    6.37570     87.231     0.5055     0.2899 1.0000e-12    95.6158     0.1793      8.027   245.8358      1.549    26.9120    26.9120      22.54  1026.5081    26.5016  0.000e+00
      1.485    26.9124    39.9780    26.5014     5.5609    6.35971    6.37571     87.220     0.5055     0.2899 1.0000e-12    95.6158     0.1793      8.027   245.8358      1.494    26.9120    26.9120      22.54  1026.5078    26.5016  0.000e+00
      1.485    26.9127    39.9779    26.5012     5.5603    6.35968    6.37567     87.211     0.5055     0.2960 1.0000e-12    95.6158     0.1793      8.027   245.8358      1.494    26.9124    26.9124      22.54  1026.5076    26.5013  0.000e+00
      1.485    26.9127    39.9780    26.5013     5.5556    6.35968    6.37567     87.138     0.5055     0.2899 1.0000e-12    95.6428     0.1782      8.027   245.8358      1.494    26.9124    26.9124      22.54  1026.5077    26.5014  0.000e+00
      1.485    26.9129    39.9781    26.5013     5.5589    6.35965    6.37565     87.190     0.5055     0.2960 1.0000e-12    95.6158     0.1793      8.027   245.8358      1.494    26.9126    26.9126      22.54  1026.5077    26.5014  0.000e+00
      1.485    26.9129    39.9782    26.5014     5.5544    6.35965    6.37564     87.120     0.5055     0.2960 1.0000e-12    95.6158     0.1793      8.027   245.8358      1.494    26.9126    26.9126      22.54  1026.5078    26.5015  0.000e+00
      1.430    26.9133    39.9787    26.5016     5.5539    6.35959    6.37559     87.111     0.5055     0.2899 1.0000e-12    95.6158     0.1793      8.027   245.8358      1.439    26.9130    26.9130      22.54  1026.5078    26.5017  0.000e+00
      1.430    26.9137    39.9790    26.5017     5.5493    6.35954    6.37554     87.041     0.5055     0.2899 1.0000e-12    95.6158     0.1793      8.027   245.8358      1.439    26.9133    26.9133      22.54  1026.5079    26.5019  0.000e+00
      1.430    26.9140    39.9787    26.5014     5.5486    6.35951    6.37551     87.030     0.5055     0.2960 1.0000e-12    95.6158     0.1793      8.027   245.8358      1.439    26.9137    26.9137      22.54  1026.5076    26.5015  0.000e+00
      1.430    26.9142    39.9780    26.5008     5.5482    6.35952    6.37551     87.023     0.5055     0.2899 1.0000e-12    95.6158     0.1793      8.027   245.8358      1.439    26.9139    26.9139      22.54  1026.5069    26.5009  0.000e+00
      1.367    26.9142    39.9775    26.5004     5.5435    6.35954    6.37553     86.950     0.5055     0.2960 1.0000e-12    95.6158     0.1793      8.027   245.8358      1.376    26.9139    26.9139      22.54  1026.5063    26.5005  0.000e+00
      1.430    26.9140    39.9782    26.5010     5.5431    6.35954    6.37553     86.943     0.5055     0.2899 1.0000e-12    95.5887     0.1805      8.027   245.8358      1.439    26.9137    26.9137      22.54  1026.5071    26.5011  0.000e+00
      1.368    26.9140    39.9781    26.5009     5.5427    6.35954    6.37553     86.936     0.5177     0.2899 1.0000e-12    95.5887     0.1805      8.027   246.4417      1.376    26.9137    26.9137      22.54  1026.5068    26.5010  0.000e+00
      1.368    26.9140    39.9780    26.5009     5.5381    6.35954    6.37553     86.865     0.5177     0.2960 1.0000e-12    95.6158     0.1793      8.027   246.4417      1.376    26.9137    26.9137      22.54  1026.5067    26.5010  0.000e+00
      1.368    26.9139    39.9779    26.5008     5.5374    6.35956    6.37555     86.854     0.5177     0.2899 1.0000e-12    95.5887     0.1805      8.027   245.8358      1.376    26.9135    26.9135      22.54  1026.5067    26.5009  0.000e+00
      1.368    26.9138    39.9778    26.5008     5.5369    6.35957    6.37556     86.846     0.5177     0.2960 1.0000e-12    95.6158     0.1793      8.031   246.4417      1.376    26.9135    26.9135      22.54  1026.5067    26.5009  0.000e+00
      1.368    26.9139    39.9780    26.5009     5.5364    6.35956    6.37555     86.839     0.5177     0.2960 1.0000e-12    95.6158     0.1793      8.027   245.8358      1.376    26.9135    26.9135      22.54  1026.5068    26.5010  0.000e+00
      1.368    26.9140    39.9777    26.5006     5.5360    6.35955    6.37555     86.832     0.5177     0.3021 1.0000e-12    95.5887     0.1805      8.027   245.8358      1.376    26.9137    26.9137      22.54  1026.5065    26.5007  0.000e+00
      1.430    26.9139    39.9780    26.5009     5.5317    6.35956    6.37555     86.764     0.5177     0.2960 1.0000e-12    95.5887     0.1805      8.027   245.8358      1.439    26.9135    26.9135      22.54  1026.5071    26.5010  0.000e+00
      1.313    26.9140    39.9780    26.5009     5.5311    6.35954    6.37553     86.755     0.5177     0.2960 1.0000e-12    95.5887     0.1805      8.027   245.8358      1.321    26.9137    26.9137      22.54  1026.5065    26.5010  0.000e+00
      1.368    26.9137    39.9778    26.5008     5.5267    6.35959    6.37558     86.685     0.5177     0.2899 1.0000e-12    95.5887     0.1805      8.027   246.4417      1.377    26.9133    26.9133      22.54  1026.5067    26.5009  0.000e+00
      1.430    26.9135    39.9769    26.5002     5.5302    6.35964    6.37563     86.739     0.5177     0.2960 1.0000e-12    95.6158     0.1793      8.027   245.8358      1.439    26.9131    26.9131      22.54  1026.5064    26.5004  0.000e+00
      1.368    26.9129    39.9768    26.5003     5.5298    6.35970    6.37569     86.732     0.5177     0.2899 1.0000e-12    95.5887     0.1805      8.031   245.8358      1.377    26.9126    26.9126      22.53  1026.5062    26.5004  0.000e+00
      1.430    26.9123    39.9767    26.5004     5.5296    6.35977    6.37576     86.728     0.5177     0.2960 1.0000e-12    95.5887     0.1805      8.031   246.4417      1.439    26.9120    26.9120      22.54  1026.5066    26.5005  0.000e+00
      1.430    26.9122    39.9766    26.5004     5.5293    6.35978    6.37578     86.723     0.5177     0.2960 1.0000e-12    95.6158     0.1793      8.027   245.8358      1.439    26.9118    26.9118      22.54  1026.5066    26.5006  0.000e+00
      1.485    26.9122    39.9766    26.5004     5.5291    6.35979    6.37578     86.720     0.5177     0.2899 1.0000e-12    95.5887     0.1805      8.027   246.4417      1.494    26.9118    26.9118      22.54  1026.5068    26.5005  0.000e+00
      1.485    26.9116    39.9768    26.5007     5.5289    6.35983    6.37583     86.716     0.5177     0.2960 1.0000e-12    95.6158     0.1793      8.027   246.4417      1.495    26.9113    26.9113      22.54  1026.5071    26.5008  0.000e+00
      1.485    26.9116    39.9768    26.5007     5.5327    6.35984    6.37583     86.776     0.5177     0.2960 1.0000e-12    95.6158     0.1793      8.027   246.4417      1.495    26.9112    26.9112      22.54  1026.5071    26.5008  0.000e+00
      1.485    26.9111    39.9769    26.5010     5.5286    6.35989    6.37588     86.712     0.5177     0.2899 1.0000e-12    95.6158     0.1793      8.027   245.8358      1.495    26.9107    26.9107      22.54  1026.5074    26.5011  0.000e+00
      1.540    26.9109    39.9765    26.5008     5.5324    6.35993    6.37592     86.770     0.5177     0.2899 1.0000e-12    95.5887     0.1805      8.031   246.4417      1.550    26.9105    26.9105      22.53  1026.5074    26.5009  0.000e+00
      1.485    26.9104    39.9761    26.5006     5.5365    6.35998    6.37598     86.834     0.5177     0.2960 1.0000e-12    95.5887     0.1805      8.027   245.8358      1.495    26.9101    26.9101      22.54  1026.5070    26.5007  0.000e+00
      1.540    26.9098    39.9760    26.5007     5.5367    6.36006    6.37605     86.837     0.5177     0.2960 1.0000e-12    95.6428     0.1782      8.027   245.8358      1.550    26.9094    26.9094      22.54  1026.5073    26.5008  0.000e+00
      1.540    26.9094    39.9755    26.5005     5.5369    6.36011    6.37611     86.839     0.5177     0.2960 1.0000e-12    95.6699     0.1771      8.027   245.8358      1.550    26.9090    26.9090      22.54  1026.5071    26.5006  0.000e+00
      1.540    26.9092    39.9755    26.5006     5.5371    6.36013    6.37613     86.841     0.5177     0.2899 1.0000e-12    95.6699     0.1771      8.031   245.8358      1.550    26.9088    26.9088      22.54  1026.5072    26.5007  0.000e+00
      1.602    26.9090    39.9696    26.4961     5.5415    6.36037    6.37636     86.908     0.5177     0.2899 1.0000e-12    95.6699     0.1771      8.027   245.8358      1.613    26.9086    26.9086      22.54  1026.5030    26.4963  0.000e+00
      1.602    26.9090    39.9523    26.4830     5.5464    6.36098    6.37698     86.976     0.5177     0.2960 1.0000e-12    95.6699     0.1771      8.027   245.8358      1.613    26.9087    26.9087      22.54  1026.4899    26.4832  0.000e+00
      1.602    26.9090    39.9686    26.4954     5.5468    6.36040    6.37640     86.990     0.5177     0.3021 1.0000e-12    95.6699     0.1771      8.027   245.8358      1.613    26.9087    26.9087      22.54  1026.5023    26.4955  0.000e+00
      1.657    26.9092    39.9757    26.5007     5.5474    6.36013    6.37612     87.002     0.5177     0.2960 1.0000e-12    95.6699     0.1771      8.027   245.8358      1.668    26.9088    26.9088      22.54  1026.5078    26.5008  0.000e+00
      1.657    26.9094    39.9757    26.5006     5.5481    6.36011    6.37611     87.014     0.5177     0.2960 1.0000e-12    95.6699     0.1771      8.027   245.8358      1.668    26.9090    26.9090      22.53  1026.5078    26.5008  0.000e+00
      1.657    26.9096    39.9759    26.5007     5.5489    6.36008    6.37608     87.027     0.5177     0.2899 1.0000e-12    95.6699     0.1771      8.027   245.8358      1.668    26.9092    26.9092      22.54  1026.5078    26.5008  0.000e+00
      1.774    26.9099    39.9756    26.5004     5.5497    6.36006    6.37605     87.040     0.5177     0.2899 1.0000e-12    95.6699     0.1771      8.031   246.4417      1.786    26.9095    26.9095      22.54  1026.5080    26.5005  0.000e+00
      1.602    26.9099    39.9759    26.5006     5.5546    6.36005    6.37604     87.116     0.5177     0.2899 1.0000e-12    95.6699     0.1771      8.027   245.8358      1.613    26.9095    26.9095      22.54  1026.5075    26.5007  0.000e+00
      1.719    26.9103    39.9759    26.5005     5.5596    6.36001    6.37600     87.196     0.5177     0.2899 1.0000e-12    95.6699     0.1771      8.031   245.8358      1.731    26.9099    26.9099      22.54  1026.5078    26.5006  0.000e+00
      1.657    26.9099    39.9760    26.5007     5.5566    6.36004    6.37604     87.148     0.5177     0.2899 1.0000e-12    95.6699     0.1771      8.027   245.8358      1.668    26.9095    26.9095      22.54  1026.5078    26.5008  0.000e+00
