Data/files/RVJanan08003.cnv
* Sea-Bird SBE 9 Data File:
* FileName = C:\CruiseData\CTD911\RVJanan080\Hex\RVJanan08003.hex
* Software Version Seasave V 7.26.7.121
* Temperature SN = 5958
* Conductivity SN = 3674
* Number of Bytes Per Scan = 37
* Number of Voltage Words = 4
* Number of Scans Averaged by the Deck Unit = 1
* NMEA Latitude = 25 30.57 N
* NMEA Longitude = 052 30.22 E
* NMEA UTC (Time) = Dec 09 2019  14:26:33
* NMEA baud rate = 4800
** Ship: R/V JANAN
** Cruise: NPRP10Restore02-Dec19
** Station: Maydan Mahzen Reef
** Bottom Depth [m]: 25
** Operator: MD
# nquan = 22
# nvalues = 6035                                  
# units = specified
# name 0 = depSM: Depth [salt water, m]
# name 1 = t090C: Temperature [ITS-90, deg C]
# name 2 = sal00: Salinity, Practical [PSU]
# name 3 = sigma-t00: Density [sigma-t, kg/m^3 ]
# name 4 = sbeox0Mg/L: Oxygen, SBE 43 [mg/l]
# name 5 = oxsatMg/L: Oxygen Saturation, Weiss [mg/l]
# name 6 = oxsolMg/L: Oxygen Saturation, Garcia & Gordon [mg/l]
# name 7 = sbeox0PS: Oxygen, SBE 43 [% saturation]
# name 8 = flECO-AFL: Fluorescence, WET Labs ECO-AFL/FL [mg/m^3]
# name 9 = turbWETntu0: Turbidity, WET Labs ECO [NTU]
# name 10 = par: PAR/Irradiance, Biospherical/Licor
# name 11 = xmiss: Beam Transmission, Chelsea/Seatech [%]
# name 12 = bat: Beam Attenuation, Chelsea/Seatech [1/m]
# name 13 = ph: pH
# name 14 = orp: Oxidation Reduction Potential [mV]
# name 15 = prDM: Pressure, Digiquartz [db]
# name 16 = potemp090C: Potential Temperature [ITS-90, deg C]
# name 17 = pta090C: Potential Temperature Anomaly [ITS-90, deg C], a0 = 0, a1 = 0
# name 18 = ptempC: Pressure Temperature [deg C]
# name 19 = density00: Density [density, kg/m^3]
# name 20 = sigma-é00: Density [sigma-theta, kg/m^3]
# name 21 = flag:  0.000e+00
# span 0 =     -2.287,     20.784                 
# span 1 =    26.2849,    26.8432                 
# span 2 =     3.2446,    40.9653                 
# span 3 =    -0.9601,    27.2738                 
# span 4 =     5.3149,     7.6187                 
# span 5 =    6.33285,    7.85008                 
# span 6 =    6.34865,    7.87034                 
# span 7 =     77.981,     98.031                 
# span 8 =    -0.0439,     1.1771                 
# span 9 =     0.2960,     6.4377                 
# span 10 = 1.0000e-12, 1.0000e-12                
# span 11 =    74.5873,    99.3235                
# span 12 =     0.0272,     1.1728                
# span 13 =      8.022,      8.046                
# span 14 =   223.4144,   233.1101                
# span 15 =     -2.302,     20.921                
# span 16 =    26.2849,    26.8403                
# span 17 =    26.2849,    26.8403                
# span 18 =      24.85,      24.90                
# span 19 =   999.0405,  1027.3628                
# span 20 =    -0.9601,    27.2754                
# span 21 = 0.0000e+00, 0.0000e+00                
# interval = seconds: 0.0416667
# start_time = Dec 09 2019 14:26:33 [NMEA time, header]
# bad_flag = -9.990e-29
*END*
[from data line 1252]
     17.096    26.7248    40.7669    27.1586     5.5851    6.35109    6.36695     87.720     0.6887     0.4425 1.0000e-12    94.6956     0.2180      8.036   226.4443     17.208    26.7208    26.7208      24.88  1027.2320    27.1599  0.000e+00
     17.096    26.7246    40.7674    27.1590     5.5851    6.35109    6.36695     87.721     0.6887     0.4425 1.0000e-12    94.6956     0.2180      8.036   225.8383     17.208    26.7207    26.7207      24.88  1027.2325    27.1603  0.000e+00
     17.151    26.7243    40.7669    27.1588     5.5853    6.35115    6.36701     87.723     0.6887     0.4487 1.0000e-12    94.6415     0.2203      8.036   226.4443     17.263    26.7203    26.7203      24.88  1027.2325    27.1601  0.000e+00
     17.151    26.7239    40.7676    27.1594     5.5813    6.35117    6.36702     87.660     0.6887     0.4364 1.0000e-12    94.6415     0.2203      8.036   226.4443     17.263    26.7199    26.7199      24.88  1027.2331    27.1607  0.000e+00
     17.151    26.7237    40.7676    27.1595     5.5814    6.35118    6.36704     87.661     0.6765     0.4364 1.0000e-12    94.6144     0.2214      8.036   226.4443     17.263    26.7197    26.7197      24.88  1027.2332    27.1608  0.000e+00
     17.205    26.7231    40.7683    27.1602     5.5775    6.35122    6.36707     87.599     0.6398     0.4303 1.0000e-12    94.6415     0.2203      8.036   226.4443     17.318    26.7191    26.7191      24.88  1027.2341    27.1615  0.000e+00
     17.205    26.7230    40.7680    27.1600     5.5772    6.35125    6.36710     87.595     0.6398     0.4364 1.0000e-12    94.6415     0.2203      8.036   226.4443     17.318    26.7190    26.7190      24.88  1027.2339    27.1613  0.000e+00
     17.221    26.7224    40.7680    27.1602     5.5733    6.35130    6.36716     87.532     0.6398     0.4303 1.0000e-12    94.6144     0.2214      8.036   226.4443     17.334    26.7184    26.7184      24.88  1027.2342    27.1615  0.000e+00
     17.205    26.7218    40.7687    27.1609     5.5770    6.35134    6.36720     87.590     0.6398     0.4364 1.0000e-12    94.6144     0.2214      8.036   226.4443     17.318    26.7178    26.7178      24.88  1027.2348    27.1622  0.000e+00
     17.205    26.7215    40.7691    27.1614     5.5730    6.35136    6.36722     87.527     0.6398     0.4364 1.0000e-12    94.6415     0.2203      8.036   226.4443     17.318    26.7174    26.7174      24.88  1027.2353    27.1627  0.000e+00
     17.268    26.7209    40.7696    27.1620     5.5690    6.35140    6.36726     87.463     0.6398     0.4303 1.0000e-12    94.6415     0.2203      8.036   226.4443     17.381    26.7169    26.7169      24.88  1027.2361    27.1633  0.000e+00
     17.268    26.7205    40.7699    27.1623     5.5688    6.35143    6.36729     87.460     0.6398     0.4364 1.0000e-12    94.6144     0.2214      8.036   226.4443     17.381    26.7165    26.7165      24.88  1027.2365    27.1636  0.000e+00
     17.268    26.7205    40.7696    27.1621     5.5687    6.35144    6.36730     87.458     0.6398     0.4364 1.0000e-12    94.6144     0.2214      8.036   226.4443     17.381    26.7165    26.7165      24.88  1027.2362    27.1634  0.000e+00
     17.268    26.7200    40.7703    27.1628     5.5686    6.35147    6.36733     87.456     0.6398     0.4364 1.0000e-12    94.6415     0.2203      8.036   225.8383     17.381    26.7160    26.7160      24.87  1027.2369    27.1641  0.000e+00
     17.268    26.7196    40.7708    27.1632     5.5645    6.35150    6.36736     87.391     0.6398     0.4303 1.0000e-12    94.6415     0.2203      8.036   226.4443     17.381    26.7156    26.7156      24.88  1027.2374    27.1646  0.000e+00
     17.323    26.7198    40.7703    27.1628     5.5644    6.35150    6.36735     87.389     0.6398     0.4242 1.0000e-12    94.6144     0.2214      8.036   226.4443     17.436    26.7157    26.7157      24.88  1027.2372    27.1641  0.000e+00
     17.377    26.7192    40.7709    27.1635     5.5683    6.35153    6.36739     87.451     0.6398     0.4364 1.0000e-12    94.6144     0.2214      8.036   226.4443     17.491    26.7152    26.7152      24.88  1027.2381    27.1648  0.000e+00
     17.268    26.7192    40.7713    27.1638     5.5683    6.35152    6.36737     87.450     0.6398     0.4364 1.0000e-12    94.6144     0.2214      8.036   226.4443     17.381    26.7152    26.7152      24.88  1027.2380    27.1651  0.000e+00
     17.323    26.7192    40.7709    27.1635     5.5644    6.35153    6.36739     87.389     0.6398     0.4303 1.0000e-12    94.6415     0.2203      8.036   226.4443     17.436    26.7152    26.7152      24.88  1027.2379    27.1648  0.000e+00
     17.323    26.7191    40.7709    27.1635     5.5684    6.35155    6.36741     87.451     0.6398     0.4364 1.0000e-12    94.6415     0.2203      8.036   226.4443     17.436    26.7150    26.7150      24.88  1027.2379    27.1648  0.000e+00
     17.323    26.7187    40.7712    27.1639     5.5646    6.35158    6.36743     87.392     0.6398     0.4303 1.0000e-12    94.6144     0.2214      8.036   225.8383     17.436    26.7146    26.7146      24.88  1027.2382    27.1652  0.000e+00
     17.393    26.7188    40.7713    27.1639     5.5688    6.35156    6.36741     87.458     0.6398     0.4364 1.0000e-12    94.6144     0.2214      8.036   226.4443     17.507    26.7148    26.7148      24.88  1027.2385    27.1652  0.000e+00
     17.323    26.7187    40.7710    27.1637     5.5652    6.35158    6.36744     87.401     0.6398     0.4303 1.0000e-12    94.5874     0.2226      8.036   226.4443     17.436    26.7146    26.7146      24.87  1027.2381    27.1650  0.000e+00
     17.377    26.7187    40.7711    27.1637     5.5656    6.35158    6.36744     87.407     0.6398     0.4303 1.0000e-12    94.5603     0.2237      8.036   226.4443     17.491    26.7146    26.7146      24.88  1027.2384    27.1651  0.000e+00
     17.377    26.7188    40.7707    27.1635     5.5658    6.35158    6.36743     87.410     0.6398     0.4242 1.0000e-12    94.5603     0.2237      8.036   226.4443     17.491    26.7148    26.7148      24.87  1027.2381    27.1648  0.000e+00
     17.377    26.7187    40.7708    27.1635     5.5659    6.35159    6.36745     87.412     0.6398     0.4303 1.0000e-12    94.5603     0.2237      8.036   225.8383     17.491    26.7146    26.7146      24.88  1027.2381    27.1648  0.000e+00
     17.377    26.7185    40.7709    27.1637     5.5661    6.35161    6.36746     87.415     0.6398     0.4303 1.0000e-12    94.5603     0.2237      8.036   226.4443     17.491    26.7144    26.7144      24.88  1027.2384    27.1650  0.000e+00
     17.377    26.7185    40.7712    27.1640     5.5704    6.35160    6.36745     87.482     0.6398     0.4364 1.0000e-12    94.5603     0.2237      8.036   226.4443     17.491    26.7144    26.7144      24.88  1027.2386    27.1653  0.000e+00
     17.440    26.7185    40.7710    27.1638     5.5668    6.35161    6.36746     87.425     0.6398     0.4364 1.0000e-12    94.5603     0.2237      8.036   226.4443     17.554    26.7144    26.7144      24.88  1027.2386    27.1651  0.000e+00
     17.377    26.7183    40.7711    27.1639     5.5669    6.35162    6.36748     87.428     0.6398     0.4303 1.0000e-12    94.5603     0.2237      8.036   226.4443     17.491    26.7143    26.7143      24.88  1027.2385    27.1652  0.000e+00
     17.440    26.7185    40.7709    27.1637     5.5633    6.35161    6.36747     87.370     0.6398     0.4303 1.0000e-12    94.5603     0.2237      8.036   226.4443     17.554    26.7144    26.7144      24.87  1027.2386    27.1650  0.000e+00
     17.377    26.7183    40.7708    27.1637     5.5632    6.35163    6.36749     87.370     0.6398     0.4242 1.0000e-12    94.5603     0.2237      8.036   226.4443     17.491    26.7143    26.7143      24.88  1027.2383    27.1650  0.000e+00
     17.440    26.7183    40.7707    27.1636     5.5635    6.35163    6.36749     87.374     0.6154     0.4059 1.0000e-12    94.5603     0.2237      8.036   226.4443     17.554    26.7142    26.7142      24.88  1027.2385    27.1649  0.000e+00
     17.440    26.7181    40.7709    27.1638     5.5637    6.35165    6.36751     87.376     0.6154     0.3998 1.0000e-12    94.5603     0.2237      8.036   226.4443     17.554    26.7140    26.7140      24.87  1027.2387    27.1651  0.000e+00
     17.393    26.7181    40.7712    27.1640     5.5599    6.35164    6.36749     87.316     0.6154     0.4059 1.0000e-12    94.5603     0.2237      8.036   226.4443     17.507    26.7141    26.7141      24.88  1027.2387    27.1654  0.000e+00
     17.440    26.7179    40.7711    27.1640     5.5600    6.35166    6.36752     87.318     0.6154     0.4059 1.0000e-12    94.5603     0.2237      8.036   226.4443     17.554    26.7138    26.7138      24.88  1027.2389    27.1654  0.000e+00
     17.495    26.7181    40.7709    27.1638     5.5602    6.35165    6.36751     87.322     0.6154     0.4120 1.0000e-12    94.5603     0.2237      8.036   226.4443     17.609    26.7140    26.7140      24.87  1027.2389    27.1651  0.000e+00
     17.440    26.7179    40.7713    27.1642     5.5564    6.35166    6.36751     87.262     0.6154     0.3998 1.0000e-12    94.5603     0.2237      8.036   225.8383     17.554    26.7138    26.7138      24.88  1027.2391    27.1655  0.000e+00
     17.440    26.7177    40.7713    27.1642     5.5526    6.35167    6.36753     87.202     0.6154     0.4059 1.0000e-12    94.5603     0.2237      8.036   226.4443     17.554    26.7137    26.7137      24.88  1027.2391    27.1655  0.000e+00
     17.495    26.7177    40.7712    27.1642     5.5487    6.35168    6.36753     87.141     0.6154     0.3998 1.0000e-12    94.5603     0.2237      8.036   226.4443     17.609    26.7137    26.7137      24.87  1027.2393    27.1655  0.000e+00
     17.440    26.7177    40.7712    27.1642     5.5487    6.35168    6.36753     87.140     0.6154     0.3998 1.0000e-12    94.5603     0.2237      8.036   226.4443     17.554    26.7137    26.7137      24.88  1027.2391    27.1655  0.000e+00
     17.495    26.7174    40.7715    27.1645     5.5486    6.35170    6.36756     87.139     0.6154     0.4120 1.0000e-12    94.5603     0.2237      8.036   226.4443     17.609    26.7133    26.7133      24.88  1027.2396    27.1658  0.000e+00
     17.495    26.7174    40.7715    27.1645     5.5448    6.35170    6.36756     87.079     0.6154     0.4120 1.0000e-12    94.3979     0.2306      8.036   226.4443     17.609    26.7133    26.7133      24.88  1027.2396    27.1658  0.000e+00
     17.495    26.7170    40.7715    27.1647     5.5447    6.35174    6.36760     87.077     0.6154     0.4120 1.0000e-12    94.3167     0.2340      8.036   226.4443     17.609    26.7129    26.7129      24.88  1027.2398    27.1660  0.000e+00
     17.440    26.7166    40.7721    27.1652     5.5366    6.35176    6.36762     86.949     0.6154     0.4059 1.0000e-12    94.2897     0.2352      8.036   226.4443     17.554    26.7125    26.7125      24.88  1027.2401    27.1665  0.000e+00
     17.495    26.7164    40.7720    27.1652     5.5322    6.35178    6.36764     86.880     0.6154     0.4059 1.0000e-12    94.2897     0.2352      8.036   226.4443     17.609    26.7124    26.7124      24.88  1027.2404    27.1665  0.000e+00
     17.495    26.7164    40.7720    27.1652     5.5277    6.35178    6.36764     86.810     0.6154     0.3998 1.0000e-12    94.2897     0.2352      8.036   226.4443     17.609    26.7124    26.7124      24.88  1027.2403    27.1665  0.000e+00
     17.557    26.7162    40.7718    27.1651     5.5233    6.35181    6.36767     86.739     0.6154     0.4059 1.0000e-12    94.2897     0.2352      8.036   226.4443     17.672    26.7121    26.7121      24.88  1027.2405    27.1665  0.000e+00
     17.510    26.7164    40.7722    27.1653     5.5224    6.35178    6.36763     86.726     0.6154     0.4059 1.0000e-12    94.2897     0.2352      8.036   226.4443     17.625    26.7124    26.7124      24.88  1027.2405    27.1666  0.000e+00
     17.495    26.7162    40.7725    27.1657     5.5178    6.35179    6.36764     86.653     0.6154     0.4120 1.0000e-12    94.2897     0.2352      8.036   226.4443     17.609    26.7122    26.7122      24.88  1027.2408    27.1670  0.000e+00
     17.557    26.7162    40.7728    27.1659     5.5091    6.35178    6.36763     86.517     0.6154     0.4059 1.0000e-12    94.2897     0.2352      8.036   226.4443     17.672    26.7121    26.7121      24.88  1027.2413    27.1672  0.000e+00
     17.557    26.7162    40.7726    27.1657     5.5042    6.35178    6.36764     86.440     0.6154     0.4059 1.0000e-12    94.2897     0.2352      8.036   226.4443     17.672    26.7121    26.7121      24.88  1027.2411    27.1670  0.000e+00
     17.557    26.7161    40.7723    27.1656     5.5031    6.35181    6.36767     86.422     0.6154     0.4120 1.0000e-12    94.2897     0.2352      8.036   226.4443     17.672    26.7120    26.7120      24.88  1027.2410    27.1669  0.000e+00
     17.495    26.7162    40.7724    27.1656     5.4941    6.35179    6.36765     86.281     0.6154     0.4059 1.0000e-12    94.2897     0.2352      8.036   226.4443     17.609    26.7122    26.7122      24.88  1027.2407    27.1669  0.000e+00
     17.557    26.7161    40.7726    27.1658     5.4927    6.35180    6.36765     86.260     0.6154     0.4120 1.0000e-12    94.2897     0.2352      8.036   226.4443     17.672    26.7120    26.7120      24.88  1027.2412    27.1671  0.000e+00
     17.612    26.7162    40.7722    27.1654     5.4916    6.35180    6.36765     86.241     0.6154     0.4120 1.0000e-12    94.2897     0.2352      8.036   226.4443     17.727    26.7121    26.7121      24.88  1027.2410    27.1667  0.000e+00
     17.612    26.7161    40.7728    27.1659     5.4863    6.35179    6.36765     86.159     0.6154     0.4059 1.0000e-12    94.2897     0.2352      8.036   225.8383     17.727    26.7120    26.7120      24.88  1027.2416    27.1673  0.000e+00
     17.557    26.7159    40.7732    27.1663     5.4892    6.35180    6.36765     86.204     0.6154     0.4059 1.0000e-12    94.2897     0.2352      8.036   226.4443     17.672    26.7118    26.7118      24.87  1027.2417    27.1676  0.000e+00
     17.612    26.7155    40.7738    27.1668     5.4882    6.35182    6.36767     86.189     0.6276     0.4120 1.0000e-12    94.2897     0.2352      8.036   225.8383     17.727    26.7114    26.7114      24.88  1027.2425    27.1682  0.000e+00
     17.557    26.7153    40.7743    27.1673     5.4872    6.35182    6.36767     86.173     0.6887     0.4120 1.0000e-12    94.2897     0.2352      8.036   226.4443     17.672    26.7112    26.7112      24.88  1027.2427    27.1686  0.000e+00
     17.612    26.7155    40.7748    27.1676     5.4863    6.35178    6.36764     86.160     0.7131     0.4120 1.0000e-12    94.2897     0.2352      8.036   226.4443     17.727    26.7114    26.7114      24.88  1027.2433    27.1690  0.000e+00
     17.666    26.7153    40.7746    27.1675     5.4936    6.35181    6.36766     86.274     0.7131     0.4181 1.0000e-12    94.2897     0.2352      8.036   226.4443     17.782    26.7112    26.7112      24.88  1027.2434    27.1688  0.000e+00
     17.557    26.7153    40.7750    27.1678     5.4893    6.35179    6.36765     86.205     0.7131     0.4059 1.0000e-12    94.3438     0.2329      8.036   226.4443     17.672    26.7112    26.7112      24.88  1027.2432    27.1691  0.000e+00
     17.682    26.7155    40.7747    27.1675     5.4928    6.35179    6.36764     86.261     0.7131     0.4181 1.0000e-12    94.4520     0.2283      8.036   226.4443     17.798    26.7114    26.7114      24.88  1027.2434    27.1688  0.000e+00
