Data/files/RVJanan08001.cnv
* Sea-Bird SBE 9 Data File:
* FileName = C:\CruiseData\CTD911\RVJanan080\RVJanan08001.hex
* Software Version Seasave V 7.26.7.121
* Temperature SN = 5958
* Conductivity SN = 3674
* Number of Bytes Per Scan = 37
* Number of Voltage Words = 4
* Number of Scans Averaged by the Deck Unit = 1
* NMEA Latitude = 25 02.14 N
* NMEA Longitude = 052 13.11 E
* NMEA UTC (Time) = Dec 08 2019  12:05:17
* NMEA baud rate = 4800
** Ship: R/V JANAN
** Cruise: NPRP10Restore02-Dec19
** Station: Sheraoh Island (053)
** Bottom Depth [m]: 15
** Operator: MD
# nquan = 22
# nvalues = 6573                                  
# units = specified
# name 0 = depSM: Depth [salt water, m]
# name 1 = t090C: Temperature [ITS-90, deg C]
# name 2 = sal00: Salinity, Practical [PSU]
# name 3 = sigma-t00: Density [sigma-t, kg/m^3 ]
# name 4 = sbeox0Mg/L: Oxygen, SBE 43 [mg/l]
# name 5 = oxsatMg/L: Oxygen Saturation, Weiss [mg/l]
# name 6 = oxsolMg/L: Oxygen Saturation, Garcia & Gordon [mg/l]
# name 7 = sbeox0PS: Oxygen, SBE 43 [% saturation]
# name 8 = flECO-AFL: Fluorescence, WET Labs ECO-AFL/FL [mg/m^3]
# name 9 = turbWETntu0: Turbidity, WET Labs ECO [NTU]
# name 10 = par: PAR/Irradiance, Biospherical/Licor
# name 11 = xmiss: Beam Transmission, Chelsea/Seatech [%]
# name 12 = bat: Beam Attenuation, Chelsea/Seatech [1/m]
# name 13 = ph: pH
# name 14 = orp: Oxidation Reduction Potential [mV]
# name 15 = prDM: Pressure, Digiquartz [db]
# name 16 = potemp090C: Potential Temperature [ITS-90, deg C]
# name 17 = pta090C: Potential Temperature Anomaly [ITS-90, deg C], a0 = 0, a1 = 0
# name 18 = ptempC: Pressure Temperature [deg C]
# name 19 = density00: Density [density, kg/m^3]
# name 20 = sigma-é00: Density [sigma-theta, kg/m^3]
# name 21 = flag:  0.000e+00
# span 0 =     -0.146,     14.668                 
# span 1 =    25.3532,    26.4720                 
# span 2 =     4.8998,    43.6754                 
# span 3 =     0.5371,    29.4430                 
# span 4 =     5.4138,     7.5241                 
# span 5 =    6.27395,    7.93777                 
# span 6 =    6.28919,    7.95766                 
# span 7 =     86.001,     95.109                 
# span 8 =    -0.0928,     1.7143                 
# span 9 =     0.0213,     1.3644                 
# span 10 = 1.0000e-12, 1.0000e-12                
# span 11 =    81.8675,    93.4236                
# span 12 =     0.2721,     0.8003                
# span 13 =      7.983,      8.032                
# span 14 =   275.5289,   277.3469                
# span 15 =     -0.146,     14.763                
# span 16 =    25.3532,    26.4687                
# span 17 =    25.3532,    26.4687                
# span 18 =      29.69,      29.80                
# span 19 =  1000.5372,  1029.5036                
# span 20 =     0.5371,    29.4440                
# span 21 = 0.0000e+00, 0.0000e+00                
# interval = seconds: 0.0416667
# start_time = Dec 08 2019 12:05:17 [NMEA time, header]
# bad_flag = -9.990e-29
*END*
      0.559    26.1084    42.4301    28.6168     6.0273    6.35598    6.37154     94.598     0.4323     0.4303 1.0000e-12    92.3411     0.3187      8.025   276.7409      0.563    26.1082    26.1082      29.80  1028.6192    28.6168  0.000e+00
      0.505    26.1079    42.4306    28.6173     6.0273    6.35601    6.37157     94.597     0.4323     0.4303 1.0000e-12    92.3411     0.3187      8.025   276.7409      0.508    26.1078    26.1078      29.80  1028.6195    28.6174  0.000e+00
      0.559    26.1078    42.4303    28.6172     6.0314    6.35603    6.37159     94.660     0.4323     0.4303 1.0000e-12    92.3411     0.3187      8.025   276.7409      0.563    26.1077    26.1077      29.80  1028.6196    28.6172  0.000e+00
      0.567    26.1077    42.4304    28.6172     6.0316    6.35604    6.37160     94.663     0.4323     0.4303 1.0000e-12    92.3411     0.3187      8.029   276.7409      0.571    26.1076    26.1076      29.80  1028.6197    28.6173  0.000e+00
      0.614    26.1076    42.4307    28.6175     6.0317    6.35604    6.37159     94.666     0.4323     0.4303 1.0000e-12    92.3411     0.3187      8.029   276.7409      0.618    26.1075    26.1075      29.80  1028.6201    28.6175  0.000e+00
      0.567    26.1073    42.4308    28.6177     6.0319    6.35606    6.37162     94.668     0.4323     0.4242 1.0000e-12    92.3411     0.3187      8.025   276.7409      0.571    26.1072    26.1072      29.80  1028.6202    28.6178  0.000e+00
      0.559    26.1076    42.4307    28.6175     6.0320    6.35604    6.37159     94.670     0.4323     0.4364 1.0000e-12    92.3411     0.3187      8.029   276.7409      0.563    26.1075    26.1075      29.80  1028.6199    28.6176  0.000e+00
      0.567    26.1075    42.4312    28.6179     6.0361    6.35603    6.37158     94.735     0.4323     0.4364 1.0000e-12    92.3411     0.3187      8.029   276.7409      0.571    26.1074    26.1074      29.80  1028.6204    28.6180  0.000e+00
      0.614    26.1078    42.4303    28.6172     6.0325    6.35603    6.37158     94.678     0.4323     0.4364 1.0000e-12    92.3411     0.3187      8.029   276.7409      0.618    26.1077    26.1077      29.80  1028.6198    28.6172  0.000e+00
      0.567    26.1077    42.4307    28.6175     6.0326    6.35603    6.37159     94.679     0.4323     0.4303 1.0000e-12    92.3140     0.3199      8.029   276.7409      0.571    26.1076    26.1076      29.80  1028.6199    28.6175  0.000e+00
      0.614    26.1076    42.4305    28.6174     6.0287    6.35604    6.37160     94.619     0.4323     0.4364 1.0000e-12    92.3411     0.3187      8.025   276.7409      0.618    26.1075    26.1075      29.80  1028.6200    28.6174  0.000e+00
      0.567    26.1079    42.4305    28.6173     6.0286    6.35601    6.37157     94.617     0.4323     0.4303 1.0000e-12    92.3411     0.3187      8.025   276.7409      0.571    26.1078    26.1078      29.80  1028.6197    28.6173  0.000e+00
      0.559    26.1077    42.4307    28.6175     6.0245    6.35603    6.37159     94.553     0.4323     0.4364 1.0000e-12    92.3411     0.3187      8.029   276.7409      0.563    26.1076    26.1076      29.80  1028.6199    28.6175  0.000e+00
      0.622    26.1076    42.4299    28.6169     6.0244    6.35606    6.37162     94.550     0.4323     0.4303 1.0000e-12    92.3411     0.3187      8.025   276.7409      0.626    26.1075    26.1075      29.80  1028.6196    28.6170  0.000e+00
      0.614    26.1077    42.4301    28.6170     6.0201    6.35605    6.37161     94.484     0.4323     0.4303 1.0000e-12    92.3411     0.3187      8.029   276.7409      0.618    26.1076    26.1076      29.80  1028.6197    28.6171  0.000e+00
      0.567    26.1078    42.4306    28.6174     6.0197    6.35602    6.37158     94.477     0.4323     0.4303 1.0000e-12    92.3140     0.3199      8.029   276.7409      0.571    26.1077    26.1077      29.80  1028.6198    28.6174  0.000e+00
      0.559    26.1081    42.4303    28.6171     6.0193    6.35600    6.37156     94.471     0.4323     0.4303 1.0000e-12    92.3411     0.3187      8.029   276.7409      0.563    26.1080    26.1080      29.80  1028.6195    28.6171  0.000e+00
      0.567    26.1082    42.4300    28.6168     6.0149    6.35600    6.37156     94.403     0.4323     0.4548 1.0000e-12    92.3140     0.3199      8.025   276.7409      0.571    26.1081    26.1081      29.80  1028.6193    28.6169  0.000e+00
      0.614    26.1083    42.4301    28.6168     6.0184    6.35599    6.37155     94.458     0.4201     0.4853 1.0000e-12    92.2870     0.3211      8.029   276.7409      0.618    26.1081    26.1081      29.80  1028.6195    28.6169  0.000e+00
      0.567    26.1082    42.4303    28.6170     6.0141    6.35599    6.37155     94.390     0.4201     0.4853 1.0000e-12    92.2870     0.3211      8.029   276.7409      0.571    26.1081    26.1081      29.80  1028.6195    28.6171  0.000e+00
      0.559    26.1081    42.4304    28.6172     6.0096    6.35600    6.37155     94.319     0.4201     0.4792 1.0000e-12    92.2870     0.3211      8.029   276.7409      0.563    26.1080    26.1080      29.80  1028.6196    28.6172  0.000e+00
      0.567    26.1080    42.4307    28.6174     6.0090    6.35600    6.37155     94.309     0.4201     0.4792 1.0000e-12    92.2870     0.3211      8.029   276.7409      0.571    26.1079    26.1079      29.80  1028.6199    28.6175  0.000e+00
      0.559    26.1083    42.4303    28.6170     6.0084    6.35598    6.37154     94.300     0.4201     0.4792 1.0000e-12    92.2870     0.3211      8.029   276.7409      0.563    26.1082    26.1082      29.80  1028.6194    28.6171  0.000e+00
      0.567    26.1083    42.4304    28.6171     6.0078    6.35598    6.37153     94.291     0.4201     0.4853 1.0000e-12    92.2870     0.3211      8.029   276.7409      0.571    26.1082    26.1082      29.80  1028.6196    28.6172  0.000e+00
      0.559    26.1086    42.4300    28.6167     6.0072    6.35596    6.37152     94.282     0.4201     0.4792 1.0000e-12    92.2870     0.3211      8.025   276.7409      0.563    26.1084    26.1084      29.80  1028.6191    28.6168  0.000e+00
      0.567    26.1088    42.4299    28.6166     6.0067    6.35594    6.37150     94.274     0.4201     0.4853 1.0000e-12    92.2870     0.3211      8.025   276.7409      0.571    26.1087    26.1087      29.80  1028.6190    28.6166  0.000e+00
      0.559    26.1086    42.4304    28.6170     6.0102    6.35595    6.37151     94.330     0.4201     0.4914 1.0000e-12    92.2870     0.3211      8.029   276.7409      0.563    26.1084    26.1084      29.80  1028.6194    28.6170  0.000e+00
      0.567    26.1088    42.4298    28.6164     6.0019    6.35595    6.37150     94.200     0.4201     0.4792 1.0000e-12    92.2870     0.3211      8.025   276.7409      0.571    26.1087    26.1087      29.80  1028.6189    28.6165  0.000e+00
      0.559    26.1087    42.4301    28.6167     6.0093    6.35594    6.37150     94.316     0.4201     0.4914 1.0000e-12    92.2870     0.3211      8.029   276.7409      0.563    26.1086    26.1086      29.80  1028.6191    28.6167  0.000e+00
      0.567    26.1088    42.4298    28.6164     6.0011    6.35595    6.37150     94.187     0.4201     0.4792 1.0000e-12    92.2870     0.3211      8.025   276.7409      0.571    26.1087    26.1087      29.80  1028.6189    28.6165  0.000e+00
      0.614    26.1089    42.4296    28.6162     5.9966    6.35594    6.37150     94.116     0.4201     0.4792 1.0000e-12    92.2870     0.3211      8.025   276.7409      0.618    26.1088    26.1088      29.80  1028.6189    28.6163  0.000e+00
      0.567    26.1085    42.4300    28.6167     5.9999    6.35598    6.37153     94.168     0.4201     0.4853 1.0000e-12    92.2870     0.3211      8.029   276.7409      0.571    26.1083    26.1083      29.80  1028.6192    28.6168  0.000e+00
      0.614    26.1088    42.4297    28.6164     5.9995    6.35595    6.37150     94.161     0.4201     0.4914 1.0000e-12    92.2870     0.3211      8.029   276.7409      0.618    26.1087    26.1087      29.80  1028.6190    28.6164  0.000e+00
      0.567    26.1087    42.4292    28.6160     5.9951    6.35598    6.37153     94.091     0.4201     0.4853 1.0000e-12    92.2870     0.3211      8.029   276.7409      0.571    26.1086    26.1086      29.80  1028.6184    28.6160  0.000e+00
      0.614    26.1085    42.4298    28.6166     5.9866    6.35598    6.37154     93.958     0.4201     0.4792 1.0000e-12    92.2870     0.3211      8.025   276.7409      0.618    26.1083    26.1083      29.80  1028.6192    28.6167  0.000e+00
      0.567    26.1084    42.4301    28.6168     5.9897    6.35598    6.37154     94.007     0.4201     0.4853 1.0000e-12    92.2870     0.3211      8.025   276.7409      0.571    26.1082    26.1082      29.80  1028.6192    28.6168  0.000e+00
      0.614    26.1083    42.4299    28.6167     5.9811    6.35599    6.37155     93.872     0.4201     0.4792 1.0000e-12    92.2870     0.3211      8.029   276.7409      0.618    26.1081    26.1081      29.80  1028.6194    28.6168  0.000e+00
      0.567    26.1080    42.4303    28.6171     5.9802    6.35601    6.37157     93.857     0.4201     0.4853 1.0000e-12    92.2599     0.3222      8.025   276.7409      0.571    26.1079    26.1079      29.80  1028.6196    28.6172  0.000e+00
      0.614    26.1079    42.4303    28.6171     5.9874    6.35602    6.37158     93.970     0.4201     0.4853 1.0000e-12    92.2870     0.3211      8.025   276.7409      0.618    26.1078    26.1078      29.80  1028.6197    28.6172  0.000e+00
      0.622    26.1078    42.4305    28.6173     5.9829    6.35602    6.37158     93.900     0.4201     0.4853 1.0000e-12    92.3140     0.3199      8.029   276.7409      0.626    26.1077    26.1077      29.80  1028.6200    28.6173  0.000e+00
      0.614    26.1079    42.4303    28.6171     5.9864    6.35602    6.37158     93.954     0.4201     0.4853 1.0000e-12    92.3411     0.3187      8.029   276.7409      0.618    26.1078    26.1078      29.80  1028.6197    28.6172  0.000e+00
      0.567    26.1076    42.4304    28.6173     5.9780    6.35605    6.37160     93.823     0.4201     0.4853 1.0000e-12    92.3411     0.3187      8.025   276.7409      0.571    26.1075    26.1075      29.80  1028.6197    28.6173  0.000e+00
      0.614    26.1079    42.4301    28.6170     5.9814    6.35603    6.37158     93.877     0.4201     0.4853 1.0000e-12    92.3140     0.3199      8.029   276.7409      0.618    26.1078    26.1078      29.80  1028.6197    28.6171  0.000e+00
      0.567    26.1077    42.4306    28.6174     5.9770    6.35603    6.37159     93.808     0.4201     0.4853 1.0000e-12    92.3140     0.3199      8.025   276.7409      0.571    26.1076    26.1076      29.80  1028.6199    28.6175  0.000e+00
      0.614    26.1080    42.4302    28.6170     5.9766    6.35602    6.37157     93.801     0.4201     0.4670 1.0000e-12    92.3140     0.3199      8.025   276.7409      0.618    26.1079    26.1079      29.80  1028.6197    28.6171  0.000e+00
      0.567    26.1081    42.4303    28.6171     5.9761    6.35600    6.37156     93.793     0.4201     0.4425 1.0000e-12    92.3411     0.3187      8.025   276.7409      0.571    26.1079    26.1079      29.80  1028.6195    28.6171  0.000e+00
      0.614    26.1082    42.4303    28.6170     5.9758    6.35599    6.37155     93.788     0.4201     0.4364 1.0000e-12    92.3411     0.3187      8.025   276.7409      0.618    26.1081    26.1081      29.80  1028.6196    28.6171  0.000e+00
      0.567    26.1087    42.4304    28.6170     5.9754    6.35594    6.37150     93.783     0.4201     0.4425 1.0000e-12    92.3411     0.3187      8.029   276.7409      0.571    26.1085    26.1085      29.80  1028.6194    28.6170  0.000e+00
      0.559    26.1093    42.4300    28.6165     5.9751    6.35588    6.37144     93.780     0.4201     0.4425 1.0000e-12    92.3411     0.3187      8.029   276.7409      0.563    26.1092    26.1092      29.80  1028.6189    28.6165  0.000e+00
      0.505    26.1096    42.4301    28.6164     5.9749    6.35586    6.37141     93.776     0.4201     0.4425 1.0000e-12    92.3140     0.3199      8.029   276.7409      0.508    26.1094    26.1094      29.80  1028.6186    28.6165  0.000e+00
      0.559    26.1095    42.4303    28.6166     5.9748    6.35586    6.37141     93.776     0.4201     0.4487 1.0000e-12    92.3411     0.3187      8.029   276.7409      0.563    26.1093    26.1093      29.80  1028.6190    28.6166  0.000e+00
      0.505    26.1099    42.4301    28.6163     5.9749    6.35582    6.37137     93.778     0.4201     0.4425 1.0000e-12    92.3411     0.3187      8.025   276.7409      0.508    26.1098    26.1098      29.80  1028.6185    28.6164  0.000e+00
      0.559    26.1097    42.4299    28.6162     5.9792    6.35585    6.37141     93.845     0.4201     0.4487 1.0000e-12    92.3140     0.3199      8.029   276.7409      0.563    26.1096    26.1096      29.80  1028.6186    28.6163  0.000e+00
      0.505    26.1096    42.4301    28.6164     5.9757    6.35586    6.37141     93.789     0.4201     0.4425 1.0000e-12    92.3140     0.3199      8.025   276.7409      0.508    26.1094    26.1094      29.80  1028.6186    28.6165  0.000e+00
      0.442    26.1094    42.4301    28.6165     5.9760    6.35587    6.37143     93.794     0.4201     0.4487 1.0000e-12    92.3140     0.3199      8.029   276.7409      0.445    26.1093    26.1093      29.80  1028.6184    28.6166  0.000e+00
      0.567    26.1093    42.4300    28.6164     5.9766    6.35589    6.37144     93.803     0.4201     0.4487 1.0000e-12    92.3411     0.3187      8.029   276.7409      0.571    26.1092    26.1092      29.80  1028.6189    28.6165  0.000e+00
      0.505    26.1090    42.4301    28.6166     5.9853    6.35591    6.37147     93.939     0.4201     0.4487 1.0000e-12    92.3411     0.3187      8.025   276.7409      0.508    26.1089    26.1089      29.80  1028.6188    28.6166  0.000e+00
      0.505    26.1087    42.4305    28.6170     5.9782    6.35593    6.37148     93.828     0.4201     0.4425 1.0000e-12    92.3140     0.3199      8.029   276.7409      0.508    26.1086    26.1086      29.80  1028.6192    28.6170  0.000e+00
      0.505    26.1092    42.4302    28.6166     5.9789    6.35589    6.37145     93.838     0.4201     0.4425 1.0000e-12    92.3140     0.3199      8.029   276.7409      0.508    26.1091    26.1091      29.80  1028.6188    28.6167  0.000e+00
      0.442    26.1091    42.4302    28.6167     5.9794    6.35590    6.37146     93.846     0.4201     0.4425 1.0000e-12    92.3411     0.3187      8.025   276.7409      0.445    26.1090    26.1090      29.80  1028.6186    28.6167  0.000e+00
      0.450    26.1092    42.4302    28.6166     5.9880    6.35589    6.37145     93.982     0.4201     0.4487 1.0000e-12    92.3681     0.3176      8.029   276.7409      0.453    26.1091    26.1091      29.80  1028.6186    28.6167  0.000e+00
      0.505    26.1091    42.4306    28.6169     5.9849    6.35589    6.37144     93.933     0.4201     0.4425 1.0000e-12    92.3681     0.3176      8.025   276.7409      0.508    26.1090    26.1090      29.80  1028.6191    28.6170  0.000e+00
      0.450    26.1094    42.4303    28.6167     5.9895    6.35586    6.37142     94.006     0.4201     0.4487 1.0000e-12    92.3681     0.3176      8.029   276.7409      0.453    26.1093    26.1093      29.80  1028.6186    28.6167  0.000e+00
      0.442    26.1095    42.4306    28.6169     5.9903    6.35585    6.37140     94.018     0.4201     0.4425 1.0000e-12    92.3411     0.3187      8.029   276.7409      0.445    26.1094    26.1094      29.80  1028.6188    28.6169  0.000e+00
      0.450    26.1099    42.4299    28.6162     5.9870    6.35582    6.37138     93.968     0.4201     0.4364 1.0000e-12    92.3681     0.3176      8.025   276.7409      0.453    26.1098    26.1098      29.80  1028.6181    28.6162  0.000e+00
