Data/files/RVJanan08002.cnv
* Sea-Bird SBE 9 Data File:
* FileName = C:\CruiseData\CTD911\RVJanan080\Hex\RVJanan08002.hex
* Software Version Seasave V 7.26.7.121
* Temperature SN = 5958
* Conductivity SN = 3674
* Number of Bytes Per Scan = 37
* Number of Voltage Words = 4
* Number of Scans Averaged by the Deck Unit = 1
* NMEA Latitude = 25 29.95 N
* NMEA Longitude = 052 29.34 E
* NMEA UTC (Time) = Dec 09 2019  06:04:27
* NMEA baud rate = 4800
** Ship: R/V JANAN
** Cruise: NPRP10Restore02-Dec19
** Station: Maydan Mahzen Reef
** Bottom Depth [m]: 33
** Operator: MD
# nquan = 22
# nvalues = 10445                                 
# units = specified
# name 0 = depSM: Depth [salt water, m]
# name 1 = t090C: Temperature [ITS-90, deg C]
# name 2 = sal00: Salinity, Practical [PSU]
# name 3 = sigma-t00: Density [sigma-t, kg/m^3 ]
# name 4 = sbeox0Mg/L: Oxygen, SBE 43 [mg/l]
# name 5 = oxsatMg/L: Oxygen Saturation, Weiss [mg/l]
# name 6 = oxsolMg/L: Oxygen Saturation, Garcia & Gordon [mg/l]
# name 7 = sbeox0PS: Oxygen, SBE 43 [% saturation]
# name 8 = flECO-AFL: Fluorescence, WET Labs ECO-AFL/FL [mg/m^3]
# name 9 = turbWETntu0: Turbidity, WET Labs ECO [NTU]
# name 10 = par: PAR/Irradiance, Biospherical/Licor
# name 11 = xmiss: Beam Transmission, Chelsea/Seatech [%]
# name 12 = bat: Beam Attenuation, Chelsea/Seatech [1/m]
# name 13 = ph: pH
# name 14 = orp: Oxidation Reduction Potential [mV]
# name 15 = prDM: Pressure, Digiquartz [db]
# name 16 = potemp090C: Potential Temperature [ITS-90, deg C]
# name 17 = pta090C: Potential Temperature Anomaly [ITS-90, deg C], a0 = 0, a1 = 0
# name 18 = ptempC: Pressure Temperature [deg C]
# name 19 = density00: Density [density, kg/m^3]
# name 20 = sigma-é00: Density [sigma-theta, kg/m^3]
# name 21 = flag:  0.000e+00
# span 0 =     -0.138,     33.134                 
# span 1 =    26.1865,    26.9457                 
# span 2 =     3.8519,    41.0016                 
# span 3 =    -0.4686,    27.2646                 
# span 4 =     5.1563,     7.0404                 
# span 5 =    6.31986,    7.88717                 
# span 6 =    6.33562,    7.90731                 
# span 7 =     81.385,     91.473                 
# span 8 =    -0.1172,     0.9573                 
# span 9 =     0.1007,     0.9920                 
# span 10 = 1.0000e-12, 1.0000e-12                
# span 11 =    81.2450,    96.1841                
# span 12 =     0.1556,     0.8308                
# span 13 =      8.040,      8.068                
# span 14 =   241.5939,   249.4716                
# span 15 =     -0.139,     33.352                
# span 16 =    26.1865,    26.9380                
# span 17 =    26.1865,    26.9380                
# span 18 =      24.30,      24.47                
# span 19 =   999.5313,  1027.4054                
# span 20 =    -0.4686,    27.2671                
# span 21 = 0.0000e+00, 0.0000e+00                
# interval = seconds: 0.0416667
# start_time = Dec 09 2019 06:04:27 [NMEA time, header]
# bad_flag = -9.990e-29
*END*
[from data line 2963]
     29.730    26.9317    40.9647    27.2409     5.2583    6.32257    6.33834     82.960     0.3956     0.7051 1.0000e-12    90.3925     0.4040      8.049   245.2298     29.926    26.9247    26.9247      24.37  1027.3685    27.2432  0.000e+00
     29.691    26.9321    40.9658    27.2416     5.2577    6.32249    6.33826     82.952     0.3834     0.7112 1.0000e-12    90.3925     0.4040      8.049   245.2298     29.887    26.9251    26.9251      24.36  1027.3690    27.2439  0.000e+00
     29.691    26.9325    40.9669    27.2423     5.2532    6.32241    6.33818     82.881     0.3834     0.7051 1.0000e-12    90.3925     0.4040      8.049   245.2298     29.887    26.9255    26.9255      24.36  1027.3697    27.2446  0.000e+00
     29.691    26.9328    40.9669    27.2422     5.2526    6.32237    6.33815     82.873     0.3834     0.7051 1.0000e-12    90.3925     0.4040      8.049   245.2298     29.887    26.9258    26.9258      24.36  1027.3696    27.2445  0.000e+00
     29.754    26.9325    40.9661    27.2417     5.2522    6.32243    6.33820     82.865     0.3834     0.6990 1.0000e-12    90.3925     0.4040      8.049   245.2298     29.950    26.9255    26.9255      24.36  1027.3694    27.2440  0.000e+00
     29.691    26.9323    40.9665    27.2421     5.2518    6.32244    6.33822     82.859     0.3956     0.7112 1.0000e-12    90.3925     0.4040      8.049   245.2298     29.887    26.9253    26.9253      24.36  1027.3695    27.2443  0.000e+00
     29.676    26.9327    40.9669    27.2422     5.2515    6.32239    6.33816     82.856     0.3834     0.7051 1.0000e-12    90.3925     0.4040      8.049   245.2298     29.871    26.9257    26.9257      24.36  1027.3696    27.2445  0.000e+00
     29.691    26.9328    40.9671    27.2423     5.2513    6.32237    6.33814     82.852     0.3956     0.7112 1.0000e-12    90.3925     0.4040      8.049   245.2298     29.887    26.9258    26.9258      24.36  1027.3697    27.2446  0.000e+00
     29.637    26.9328    40.9669    27.2422     5.2511    6.32237    6.33814     82.849     0.3834     0.7112 1.0000e-12    90.3925     0.4040      8.049   245.2298     29.832    26.9259    26.9259      24.34  1027.3694    27.2445  0.000e+00
     29.691    26.9328    40.9671    27.2423     5.2509    6.32237    6.33814     82.846     0.3834     0.7051 1.0000e-12    90.3654     0.4052      8.049   245.2298     29.887    26.9258    26.9258      24.36  1027.3697    27.2446  0.000e+00
     29.637    26.9327    40.9670    27.2423     5.2507    6.32238    6.33815     82.842     0.3956     0.7051 1.0000e-12    90.3654     0.4052      8.049   245.2298     29.832    26.9258    26.9258      24.36  1027.3695    27.2446  0.000e+00
     29.676    26.9328    40.9664    27.2418     5.2505    6.32239    6.33816     82.840     0.3956     0.7112 1.0000e-12    90.3654     0.4052      8.049   245.8358     29.871    26.9259    26.9259      24.36  1027.3692    27.2441  0.000e+00
     29.637    26.9325    40.9658    27.2415     5.2505    6.32245    6.33822     82.839     0.3956     0.7051 1.0000e-12    90.3654     0.4052      8.049   245.2298     29.832    26.9255    26.9255      24.36  1027.3687    27.2438  0.000e+00
     29.637    26.9325    40.9657    27.2414     5.2503    6.32246    6.33823     82.836     0.3956     0.7051 1.0000e-12    90.3654     0.4052      8.049   245.2298     29.832    26.9255    26.9255      24.36  1027.3686    27.2437  0.000e+00
     29.637    26.9321    40.9663    27.2420     5.2503    6.32247    6.33824     82.836     0.3956     0.7051 1.0000e-12    90.3654     0.4052      8.049   245.2298     29.832    26.9251    26.9251      24.36  1027.3692    27.2443  0.000e+00
     29.637    26.9323    40.9664    27.2420     5.2503    6.32245    6.33822     82.836     0.3834     0.7112 1.0000e-12    90.3654     0.4052      8.049   245.2298     29.832    26.9253    26.9253      24.36  1027.3692    27.2443  0.000e+00
     29.613    26.9323    40.9666    27.2421     5.2503    6.32244    6.33821     82.835     0.3956     0.7051 1.0000e-12    90.3654     0.4052      8.049   245.2298     29.808    26.9254    26.9254      24.36  1027.3692    27.2444  0.000e+00
     29.574    26.9325    40.9667    27.2422     5.2501    6.32242    6.33819     82.832     0.3834     0.7051 1.0000e-12    90.3654     0.4052      8.049   245.2298     29.769    26.9255    26.9255      24.36  1027.3691    27.2444  0.000e+00
     29.637    26.9323    40.9664    27.2420     5.2541    6.32245    6.33822     82.896     0.3834     0.7112 1.0000e-12    90.3925     0.4040      8.049   245.2298     29.832    26.9253    26.9253      24.37  1027.3692    27.2443  0.000e+00
     29.574    26.9323    40.9660    27.2417     5.2503    6.32246    6.33823     82.835     0.3956     0.7112 1.0000e-12    90.3925     0.4040      8.049   245.2298     29.769    26.9253    26.9253      24.36  1027.3686    27.2439  0.000e+00
     29.574    26.9323    40.9658    27.2415     5.2541    6.32247    6.33824     82.896     0.3834     0.7112 1.0000e-12    90.3925     0.4040      8.049   245.2298     29.769    26.9253    26.9253      24.36  1027.3684    27.2438  0.000e+00
     29.574    26.9323    40.9656    27.2414     5.2501    6.32248    6.33825     82.833     0.3956     0.7051 1.0000e-12    90.3925     0.4040      8.049   245.2298     29.769    26.9253    26.9253      24.36  1027.3683    27.2436  0.000e+00
     29.559    26.9322    40.9654    27.2413     5.2502    6.32250    6.33827     82.833     0.4079     0.6929 1.0000e-12    90.3925     0.4040      8.049   245.2298     29.753    26.9252    26.9252      24.37  1027.3681    27.2435  0.000e+00
     29.520    26.9321    40.9652    27.2412     5.2500    6.32251    6.33828     82.830     0.4079     0.6745 1.0000e-12    90.3654     0.4052      8.049   245.2298     29.714    26.9252    26.9252      24.36  1027.3678    27.2434  0.000e+00
     29.574    26.9321    40.9647    27.2408     5.2540    6.32253    6.33830     82.893     0.4079     0.6867 1.0000e-12    90.3654     0.4052      8.049   245.8358     29.769    26.9251    26.9251      24.36  1027.3677    27.2431  0.000e+00
     29.520    26.9319    40.9646    27.2407     5.2502    6.32255    6.33832     82.833     0.4079     0.6806 1.0000e-12    90.3654     0.4052      8.049   245.2298     29.714    26.9250    26.9250      24.36  1027.3674    27.2430  0.000e+00
     29.520    26.9319    40.9641    27.2404     5.2501    6.32257    6.33834     82.830     0.4079     0.6806 1.0000e-12    90.3654     0.4052      8.049   245.2298     29.714    26.9250    26.9250      24.36  1027.3671    27.2426  0.000e+00
     29.559    26.9318    40.9636    27.2400     5.2501    6.32260    6.33837     82.831     0.4079     0.6806 1.0000e-12    90.3654     0.4052      8.049   245.2298     29.753    26.9249    26.9249      24.36  1027.3668    27.2423  0.000e+00
     29.520    26.9317    40.9633    27.2398     5.2540    6.32262    6.33839     82.891     0.4201     0.6867 1.0000e-12    90.3654     0.4052      8.049   245.2298     29.714    26.9248    26.9248      24.36  1027.3665    27.2421  0.000e+00
     29.520    26.9317    40.9628    27.2395     5.2542    6.32263    6.33841     82.894     0.4079     0.6745 1.0000e-12    90.3654     0.4052      8.049   245.2298     29.714    26.9248    26.9248      24.36  1027.3661    27.2417  0.000e+00
     29.465    26.9315    40.9626    27.2394     5.2582    6.32266    6.33844     82.957     0.4079     0.6806 1.0000e-12    90.4466     0.4016      8.049   245.2298     29.659    26.9246    26.9246      24.36  1027.3658    27.2416  0.000e+00
     29.520    26.9317    40.9616    27.2385     5.2584    6.32268    6.33845     82.960     0.4201     0.6806 1.0000e-12    90.4737     0.4004      8.049   245.2298     29.714    26.9248    26.9248      24.37  1027.3652    27.2408  0.000e+00
     29.504    26.9314    40.9619    27.2389     5.2586    6.32270    6.33848     82.962     0.4201     0.6806 1.0000e-12    90.4737     0.4004      8.049   245.2298     29.698    26.9244    26.9244      24.36  1027.3655    27.2411  0.000e+00
     29.465    26.9316    40.9621    27.2390     5.2626    6.32267    6.33844     83.027     0.4079     0.6867 1.0000e-12    90.4737     0.4004      8.049   245.2298     29.659    26.9247    26.9247      24.36  1027.3654    27.2412  0.000e+00
     29.465    26.9317    40.9620    27.2388     5.2631    6.32266    6.33844     83.034     0.4079     0.6867 1.0000e-12    90.4737     0.4004      8.049   245.2298     29.659    26.9248    26.9248      24.36  1027.3653    27.2411  0.000e+00
     29.465    26.9315    40.9622    27.2390     5.2634    6.32268    6.33845     83.039     0.4079     0.6867 1.0000e-12    90.4737     0.4004      8.049   245.2298     29.659    26.9246    26.9246      24.36  1027.3655    27.2413  0.000e+00
     29.465    26.9314    40.9624    27.2393     5.2636    6.32269    6.33846     83.043     0.4079     0.6867 1.0000e-12    90.4737     0.4004      8.049   245.2298     29.659    26.9244    26.9244      24.36  1027.3657    27.2415  0.000e+00
     29.465    26.9315    40.9619    27.2389     5.2641    6.32269    6.33846     83.049     0.4079     0.6867 1.0000e-12    90.4737     0.4004      8.049   245.2298     29.659    26.9246    26.9246      24.36  1027.3653    27.2411  0.000e+00
     29.442    26.9315    40.9619    27.2388     5.2682    6.32269    6.33846     83.115     0.4079     0.6806 1.0000e-12    90.4737     0.4004      8.049   245.2298     29.635    26.9246    26.9246      24.36  1027.3652    27.2411  0.000e+00
     29.465    26.9314    40.9619    27.2389     5.2686    6.32270    6.33847     83.121     0.4079     0.6867 1.0000e-12    90.4737     0.4004      8.049   245.2298     29.659    26.9245    26.9245      24.36  1027.3653    27.2411  0.000e+00
     29.465    26.9315    40.9615    27.2385     5.2693    6.32270    6.33848     83.132     0.4079     0.6867 1.0000e-12    90.4737     0.4004      8.049   245.2298     29.659    26.9246    26.9246      24.36  1027.3649    27.2407  0.000e+00
     29.465    26.9312    40.9610    27.2383     5.2659    6.32276    6.33853     83.077     0.4079     0.6867 1.0000e-12    90.4737     0.4004      8.049   245.2298     29.659    26.9242    26.9242      24.36  1027.3647    27.2405  0.000e+00
     29.403    26.9312    40.9601    27.2376     5.2662    6.32279    6.33856     83.082     0.4079     0.6806 1.0000e-12    90.4737     0.4004      8.049   245.2298     29.596    26.9242    26.9242      24.36  1027.3637    27.2398  0.000e+00
     29.504    26.9312    40.9591    27.2369     5.2666    6.32282    6.33860     83.088     0.4079     0.6867 1.0000e-12    90.4737     0.4004      8.049   245.2298     29.698    26.9242    26.9242      24.37  1027.3635    27.2391  0.000e+00
     29.403    26.9310    40.9588    27.2367     5.2670    6.32285    6.33862     83.094     0.4079     0.6806 1.0000e-12    90.4737     0.4004      8.049   245.2298     29.596    26.9241    26.9241      24.36  1027.3629    27.2389  0.000e+00
     29.465    26.9308    40.9587    27.2367     5.2715    6.32288    6.33865     83.165     0.4201     0.6867 1.0000e-12    90.4737     0.4004      8.049   245.2298     29.659    26.9239    26.9239      24.36  1027.3631    27.2389  0.000e+00
     29.403    26.9310    40.9583    27.2363     5.2679    6.32287    6.33864     83.108     0.4201     0.6867 1.0000e-12    90.4737     0.4004      8.049   245.2298     29.596    26.9241    26.9241      24.36  1027.3625    27.2386  0.000e+00
     29.465    26.9308    40.9583    27.2363     5.2684    6.32289    6.33867     83.115     0.4079     0.6806 1.0000e-12    90.4737     0.4004      8.049   245.2298     29.659    26.9239    26.9239      24.34  1027.3628    27.2386  0.000e+00
     29.465    26.9310    40.9584    27.2363     5.2646    6.32287    6.33864     83.056     0.4079     0.6745 1.0000e-12    90.4737     0.4004      8.049   245.2298     29.659    26.9241    26.9241      24.37  1027.3628    27.2386  0.000e+00
     29.442    26.9310    40.9586    27.2365     5.2647    6.32286    6.33863     83.057     0.3956     0.6684 1.0000e-12    90.4466     0.4016      8.049   245.2298     29.635    26.9241    26.9241      24.37  1027.3628    27.2387  0.000e+00
     29.465    26.9309    40.9589    27.2368     5.2648    6.32286    6.33863     83.058     0.3712     0.6562 1.0000e-12    90.3925     0.4040      8.049   245.2298     29.659    26.9239    26.9239      24.36  1027.3632    27.2390  0.000e+00
     29.403    26.9310    40.9587    27.2366     5.2646    6.32286    6.33863     83.056     0.3834     0.6562 1.0000e-12    90.3654     0.4052      8.049   245.2298     29.596    26.9241    26.9241      24.37  1027.3628    27.2388  0.000e+00
     29.465    26.9310    40.9579    27.2360     5.2645    6.32288    6.33866     83.054     0.3712     0.6562 1.0000e-12    90.3654     0.4052      8.049   245.2298     29.659    26.9241    26.9241      24.36  1027.3624    27.2382  0.000e+00
     29.465    26.9310    40.9583    27.2363     5.2643    6.32287    6.33864     83.052     0.3834     0.6623 1.0000e-12    90.3654     0.4052      8.049   245.2298     29.659    26.9241    26.9241      24.37  1027.3627    27.2385  0.000e+00
     29.442    26.9310    40.9580    27.2361     5.2642    6.32288    6.33865     83.049     0.3712     0.6562 1.0000e-12    90.3654     0.4052      8.049   245.2298     29.635    26.9241    26.9241      24.36  1027.3624    27.2383  0.000e+00
     29.465    26.9310    40.9580    27.2360     5.2600    6.32288    6.33865     82.983     0.3834     0.6562 1.0000e-12    90.3654     0.4052      8.049   245.2298     29.659    26.9241    26.9241      24.34  1027.3625    27.2383  0.000e+00
     29.465    26.9310    40.9584    27.2364     5.2636    6.32286    6.33864     83.040     0.3712     0.6623 1.0000e-12    90.3654     0.4052      8.049   245.2298     29.659    26.9241    26.9241      24.36  1027.3628    27.2386  0.000e+00
     29.465    26.9310    40.9585    27.2364     5.2634    6.32286    6.33864     83.037     0.3712     0.6562 1.0000e-12    90.3654     0.4052      8.049   245.8358     29.659    26.9241    26.9241      24.36  1027.3629    27.2387  0.000e+00
     29.465    26.9312    40.9584    27.2363     5.2592    6.32285    6.33862     82.971     0.3834     0.6562 1.0000e-12    90.3654     0.4052      8.049   245.2298     29.659    26.9242    26.9242      24.36  1027.3627    27.2385  0.000e+00
     29.442    26.9312    40.9584    27.2363     5.2588    6.32285    6.33862     82.964     0.3712     0.6562 1.0000e-12    90.3654     0.4052      8.049   245.2298     29.636    26.9242    26.9242      24.37  1027.3627    27.2386  0.000e+00
     29.520    26.9310    40.9588    27.2366     5.2584    6.32285    6.33863     82.958     0.3712     0.6562 1.0000e-12    90.3654     0.4052      8.049   245.2298     29.714    26.9241    26.9241      24.36  1027.3633    27.2389  0.000e+00
     29.520    26.9312    40.9584    27.2363     5.2620    6.32284    6.33861     83.015     0.3834     0.6623 1.0000e-12    90.3654     0.4052      8.049   245.2298     29.714    26.9243    26.9243      24.37  1027.3630    27.2386  0.000e+00
     29.520    26.9312    40.9583    27.2363     5.2578    6.32285    6.33863     82.948     0.3834     0.6623 1.0000e-12    90.3654     0.4052      8.049   245.8358     29.714    26.9242    26.9242      24.36  1027.3629    27.2385  0.000e+00
     29.520    26.9312    40.9583    27.2363     5.2573    6.32285    6.33863     82.941     0.3712     0.6562 1.0000e-12    90.3384     0.4064      8.049   245.2298     29.714    26.9242    26.9242      24.36  1027.3629    27.2385  0.000e+00
     29.520    26.9310    40.9585    27.2365     5.2529    6.32286    6.33863     82.871     0.3834     0.6562 1.0000e-12    90.3654     0.4052      8.049   245.2298     29.714    26.9241    26.9241      24.37  1027.3631    27.2387  0.000e+00
