Data/files/RVJanan08002.cnv
* Sea-Bird SBE 9 Data File:
* FileName = C:\CruiseData\CTD911\RVJanan080\Hex\RVJanan08002.hex
* Software Version Seasave V 7.26.7.121
* Temperature SN = 5958
* Conductivity SN = 3674
* Number of Bytes Per Scan = 37
* Number of Voltage Words = 4
* Number of Scans Averaged by the Deck Unit = 1
* NMEA Latitude = 25 29.95 N
* NMEA Longitude = 052 29.34 E
* NMEA UTC (Time) = Dec 09 2019  06:04:27
* NMEA baud rate = 4800
** Ship: R/V JANAN
** Cruise: NPRP10Restore02-Dec19
** Station: Maydan Mahzen Reef
** Bottom Depth [m]: 33
** Operator: MD
# nquan = 22
# nvalues = 10445                                 
# units = specified
# name 0 = depSM: Depth [salt water, m]
# name 1 = t090C: Temperature [ITS-90, deg C]
# name 2 = sal00: Salinity, Practical [PSU]
# name 3 = sigma-t00: Density [sigma-t, kg/m^3 ]
# name 4 = sbeox0Mg/L: Oxygen, SBE 43 [mg/l]
# name 5 = oxsatMg/L: Oxygen Saturation, Weiss [mg/l]
# name 6 = oxsolMg/L: Oxygen Saturation, Garcia & Gordon [mg/l]
# name 7 = sbeox0PS: Oxygen, SBE 43 [% saturation]
# name 8 = flECO-AFL: Fluorescence, WET Labs ECO-AFL/FL [mg/m^3]
# name 9 = turbWETntu0: Turbidity, WET Labs ECO [NTU]
# name 10 = par: PAR/Irradiance, Biospherical/Licor
# name 11 = xmiss: Beam Transmission, Chelsea/Seatech [%]
# name 12 = bat: Beam Attenuation, Chelsea/Seatech [1/m]
# name 13 = ph: pH
# name 14 = orp: Oxidation Reduction Potential [mV]
# name 15 = prDM: Pressure, Digiquartz [db]
# name 16 = potemp090C: Potential Temperature [ITS-90, deg C]
# name 17 = pta090C: Potential Temperature Anomaly [ITS-90, deg C], a0 = 0, a1 = 0
# name 18 = ptempC: Pressure Temperature [deg C]
# name 19 = density00: Density [density, kg/m^3]
# name 20 = sigma-é00: Density [sigma-theta, kg/m^3]
# name 21 = flag:  0.000e+00
# span 0 =     -0.138,     33.134                 
# span 1 =    26.1865,    26.9457                 
# span 2 =     3.8519,    41.0016                 
# span 3 =    -0.4686,    27.2646                 
# span 4 =     5.1563,     7.0404                 
# span 5 =    6.31986,    7.88717                 
# span 6 =    6.33562,    7.90731                 
# span 7 =     81.385,     91.473                 
# span 8 =    -0.1172,     0.9573                 
# span 9 =     0.1007,     0.9920                 
# span 10 = 1.0000e-12, 1.0000e-12                
# span 11 =    81.2450,    96.1841                
# span 12 =     0.1556,     0.8308                
# span 13 =      8.040,      8.068                
# span 14 =   241.5939,   249.4716                
# span 15 =     -0.139,     33.352                
# span 16 =    26.1865,    26.9380                
# span 17 =    26.1865,    26.9380                
# span 18 =      24.30,      24.47                
# span 19 =   999.5313,  1027.4054                
# span 20 =    -0.4686,    27.2671                
# span 21 = 0.0000e+00, 0.0000e+00                
# interval = seconds: 0.0416667
# start_time = Dec 09 2019 06:04:27 [NMEA time, header]
# bad_flag = -9.990e-29
*END*
[from data line 132]
      0.594    26.6891    40.5405    26.9990     5.7243    6.36292    6.37883     89.739     0.4811     0.3876 1.0000e-12    94.4791     0.2272      8.063   242.1999      0.598    26.6889    26.6889      24.32  1027.0016    26.9991  0.000e+00
      0.531    26.6895    40.5411    26.9993     5.7241    6.36285    6.37876     89.737     0.4933     0.3876 1.0000e-12    94.4791     0.2272      8.063   241.5939      0.535    26.6894    26.6894      24.32  1027.0016    26.9994  0.000e+00
      0.594    26.6900    40.5408    26.9990     5.7201    6.36281    6.37872     89.674     0.4933     0.3876 1.0000e-12    94.4791     0.2272      8.063   242.1999      0.598    26.6899    26.6899      24.32  1027.0015    26.9990  0.000e+00
      0.594    26.6902    40.5405    26.9987     5.7238    6.36280    6.37871     89.734     0.4933     0.3876 1.0000e-12    94.4791     0.2272      8.063   242.1999      0.598    26.6901    26.6901      24.32  1027.0012    26.9987  0.000e+00
      0.539    26.6907    40.5402    26.9982     5.7198    6.36276    6.37867     89.670     0.4933     0.3815 1.0000e-12    94.4791     0.2272      8.063   242.1999      0.543    26.6906    26.6906      24.32  1027.0005    26.9982  0.000e+00
      0.648    26.6909    40.5405    26.9984     5.7157    6.36272    6.37863     89.606     0.4933     0.3876 1.0000e-12    94.4791     0.2272      8.063   242.1999      0.653    26.6908    26.6908      24.30  1027.0012    26.9985  0.000e+00
      0.594    26.6915    40.5403    26.9981     5.7191    6.36267    6.37858     89.661     0.4933     0.3876 1.0000e-12    94.4791     0.2272      8.063   241.5939      0.598    26.6914    26.6914      24.32  1027.0006    26.9981  0.000e+00
      0.539    26.6915    40.5403    26.9981     5.7190    6.36267    6.37858     89.659     0.4933     0.3876 1.0000e-12    94.4791     0.2272      8.063   242.1999      0.542    26.6914    26.6914      24.32  1027.0004    26.9981  0.000e+00
      0.648    26.6916    40.5399    26.9978     5.7188    6.36268    6.37859     89.656     0.4933     0.3937 1.0000e-12    94.4791     0.2272      8.063   242.1999      0.653    26.6914    26.6914      24.32  1027.0006    26.9978  0.000e+00
      0.594    26.6907    40.5403    26.9983     5.7146    6.36275    6.37866     89.590     0.4933     0.3876 1.0000e-12    94.4791     0.2272      8.063   241.5939      0.598    26.6906    26.6906      24.32  1027.0008    26.9983  0.000e+00
      0.648    26.6906    40.5400    26.9981     5.7143    6.36278    6.37869     89.585     0.4933     0.3876 1.0000e-12    94.4791     0.2272      8.063   242.1999      0.653    26.6904    26.6904      24.30  1027.0009    26.9982  0.000e+00
      0.594    26.6904    40.5396    26.9979     5.7140    6.36282    6.37873     89.579     0.4933     0.3815 1.0000e-12    94.5603     0.2237      8.063   241.5939      0.598    26.6902    26.6902      24.30  1027.0004    26.9979  0.000e+00
      0.594    26.6896    40.5403    26.9987     5.7135    6.36287    6.37878     89.571     0.4933     0.3876 1.0000e-12    94.7768     0.2146      8.063   241.5939      0.597    26.6895    26.6895      24.30  1027.0012    26.9987  0.000e+00
      0.711    26.6893    40.5407    26.9991     5.7134    6.36289    6.37880     89.568     0.4933     0.3876 1.0000e-12    94.8309     0.2123      8.063   242.1999      0.715    26.6891    26.6891      24.32  1027.0022    26.9992  0.000e+00
      0.594    26.6885    40.5411    26.9996     5.7131    6.36295    6.37886     89.563     0.4933     0.3876 1.0000e-12    94.8309     0.2123      8.063   242.1999      0.597    26.6884    26.6884      24.30  1027.0022    26.9997  0.000e+00
      0.711    26.6884    40.5408    26.9995     5.7128    6.36298    6.37889     89.558     0.4933     0.3876 1.0000e-12    94.8309     0.2123      8.063   242.1999      0.715    26.6882    26.6882      24.30  1027.0025    26.9995  0.000e+00
      0.648    26.6882    40.5412    26.9999     5.7124    6.36299    6.37890     89.551     0.4933     0.3876 1.0000e-12    94.8039     0.2134      8.063   241.5939      0.652    26.6880    26.6880      24.30  1027.0026    26.9999  0.000e+00
      0.648    26.6882    40.5412    26.9998     5.7120    6.36299    6.37890     89.545     0.4933     0.3876 1.0000e-12    94.8309     0.2123      8.063   242.1999      0.652    26.6880    26.6880      24.32  1027.0026    26.9999  0.000e+00
      0.648    26.6882    40.5410    26.9997     5.7156    6.36299    6.37891     89.602     0.4933     0.3937 1.0000e-12    94.8309     0.2123      8.063   242.1999      0.652    26.6880    26.6880      24.30  1027.0025    26.9997  0.000e+00
      0.711    26.6880    40.5408    26.9996     5.7116    6.36302    6.37894     89.538     0.4933     0.3876 1.0000e-12    94.8309     0.2123      8.063   242.1999      0.715    26.6878    26.6878      24.32  1027.0027    26.9997  0.000e+00
      0.648    26.6880    40.5405    26.9993     5.7114    6.36304    6.37895     89.535     0.4933     0.3876 1.0000e-12    94.8039     0.2134      8.063   242.1999      0.652    26.6878    26.6878      24.30  1027.0021    26.9994  0.000e+00
      0.711    26.6878    40.5408    26.9997     5.7153    6.36304    6.37896     89.597     0.4933     0.3876 1.0000e-12    94.8309     0.2123      8.063   242.1999      0.715    26.6876    26.6876      24.32  1027.0027    26.9997  0.000e+00
      0.711    26.6878    40.5394    26.9986     5.7115    6.36309    6.37900     89.536     0.4933     0.3876 1.0000e-12    94.8309     0.2123      8.059   242.1999      0.715    26.6877    26.6877      24.30  1027.0016    26.9986  0.000e+00
      0.711    26.6876    40.5395    26.9987     5.7155    6.36311    6.37902     89.598     0.4933     0.3937 1.0000e-12    94.8309     0.2123      8.063   242.1999      0.715    26.6874    26.6874      24.32  1027.0017    26.9987  0.000e+00
      0.711    26.6876    40.5403    26.9993     5.7196    6.36308    6.37899     89.662     0.4933     0.3876 1.0000e-12    94.8309     0.2123      8.063   242.1999      0.715    26.6874    26.6874      24.32  1027.0024    26.9994  0.000e+00
      0.765    26.6878    40.5407    26.9996     5.7199    6.36305    6.37896     89.668     0.4933     0.3937 1.0000e-12    94.8309     0.2123      8.063   242.1999      0.770    26.6876    26.6876      24.32  1027.0029    26.9997  0.000e+00
      0.711    26.6880    40.5410    26.9997     5.7202    6.36302    6.37893     89.673     0.4933     0.3876 1.0000e-12    94.8309     0.2123      8.063   242.1999      0.715    26.6878    26.6878      24.30  1027.0028    26.9998  0.000e+00
      0.765    26.6876    40.5417    27.0004     5.7206    6.36303    6.37894     89.679     0.4689     0.3998 1.0000e-12    94.8309     0.2123      8.059   242.1999      0.770    26.6874    26.6874      24.32  1027.0037    27.0005  0.000e+00
      0.765    26.6878    40.5413    27.0000     5.7210    6.36302    6.37893     89.685     0.4567     0.4059 1.0000e-12    94.8309     0.2123      8.063   242.1999      0.770    26.6877    26.6877      24.32  1027.0033    27.0000  0.000e+00
      0.765    26.6878    40.5416    27.0002     5.7213    6.36302    6.37893     89.691     0.4567     0.4059 1.0000e-12    94.8309     0.2123      8.063   242.1999      0.770    26.6876    26.6876      24.32  1027.0035    27.0003  0.000e+00
      0.883    26.6878    40.5416    27.0003     5.7218    6.36301    6.37893     89.699     0.4567     0.4059 1.0000e-12    94.8309     0.2123      8.063   242.1999      0.888    26.6876    26.6876      24.32  1027.0041    27.0004  0.000e+00
      0.765    26.6878    40.5415    27.0002     5.7222    6.36302    6.37893     89.704     0.4567     0.4059 1.0000e-12    94.8309     0.2123      8.063   242.1999      0.770    26.6876    26.6876      24.32  1027.0035    27.0002  0.000e+00
      0.883    26.6880    40.5414    27.0000     5.7228    6.36300    6.37891     89.715     0.4567     0.3998 1.0000e-12    94.8580     0.2112      8.059   242.1999      0.888    26.6878    26.6878      24.32  1027.0038    27.0001  0.000e+00
      0.828    26.6880    40.5417    27.0003     5.7232    6.36299    6.37890     89.721     0.4567     0.4120 1.0000e-12    94.8580     0.2112      8.063   242.1999      0.833    26.6878    26.6878      24.32  1027.0038    27.0004  0.000e+00
      0.820    26.6878    40.5417    27.0004     5.7237    6.36301    6.37892     89.729     0.4567     0.4120 1.0000e-12    94.8580     0.2112      8.063   242.1999      0.825    26.6876    26.6876      24.32  1027.0039    27.0004  0.000e+00
      0.883    26.6880    40.5417    27.0002     5.7202    6.36299    6.37890     89.674     0.4567     0.3998 1.0000e-12    94.8580     0.2112      8.059   242.1999      0.888    26.6878    26.6878      24.32  1027.0040    27.0003  0.000e+00
      0.828    26.6880    40.5415    27.0002     5.7244    6.36300    6.37891     89.739     0.4567     0.4120 1.0000e-12    94.8851     0.2100      8.063   242.1999      0.833    26.6878    26.6878      24.32  1027.0037    27.0002  0.000e+00
      0.937    26.6883    40.5414    26.9999     5.7249    6.36296    6.37888     89.748     0.4567     0.4059 1.0000e-12    94.8580     0.2112      8.063   242.1999      0.943    26.6881    26.6881      24.32  1027.0039    27.0000  0.000e+00
      0.883    26.6882    40.5415    27.0000     5.7254    6.36298    6.37889     89.756     0.4567     0.4059 1.0000e-12    94.8580     0.2112      8.063   242.1999      0.888    26.6880    26.6880      24.32  1027.0038    27.0001  0.000e+00
      0.883    26.6880    40.5418    27.0003     5.7260    6.36299    6.37890     89.764     0.4567     0.4059 1.0000e-12    94.8580     0.2112      8.059   242.1999      0.888    26.6878    26.6878      24.32  1027.0041    27.0004  0.000e+00
      0.883    26.6883    40.5415    27.0000     5.7263    6.36296    6.37887     89.770     0.4567     0.4059 1.0000e-12    94.8580     0.2112      8.059   242.1999      0.888    26.6881    26.6881      24.32  1027.0038    27.0001  0.000e+00
      0.937    26.6885    40.5415    27.0000     5.7309    6.36294    6.37885     89.842     0.4567     0.4059 1.0000e-12    94.8580     0.2112      8.063   242.1999      0.943    26.6883    26.6883      24.32  1027.0040    27.0000  0.000e+00
      0.883    26.6884    40.5418    27.0002     5.7274    6.36294    6.37886     89.788     0.4567     0.3998 1.0000e-12    94.8580     0.2112      8.063   242.1999      0.888    26.6882    26.6882      24.32  1027.0040    27.0003  0.000e+00
      0.883    26.6883    40.5413    26.9999     5.7278    6.36297    6.37888     89.794     0.4567     0.3998 1.0000e-12    94.8580     0.2112      8.063   242.1999      0.888    26.6881    26.6881      24.32  1027.0037    26.9999  0.000e+00
      0.937    26.6885    40.5409    26.9995     5.7323    6.36296    6.37887     89.863     0.4567     0.4059 1.0000e-12    94.8580     0.2112      8.063   242.1999      0.943    26.6883    26.6883      24.30  1027.0035    26.9996  0.000e+00
      0.937    26.6885    40.5405    26.9992     5.7328    6.36297    6.37889     89.872     0.4567     0.4059 1.0000e-12    94.8580     0.2112      8.063   242.1999      0.943    26.6883    26.6883      24.32  1027.0032    26.9993  0.000e+00
      0.937    26.6885    40.5413    26.9998     5.7374    6.36295    6.37886     89.944     0.4567     0.4120 1.0000e-12    94.8580     0.2112      8.063   242.1999      0.943    26.6883    26.6883      24.32  1027.0038    26.9999  0.000e+00
      0.883    26.6885    40.5276    26.9895     5.7344    6.36343    6.37935     89.889     0.4567     0.4059 1.0000e-12    94.8580     0.2112      8.063   242.1999      0.888    26.6883    26.6883      24.32  1026.9932    26.9895  0.000e+00
      0.937    26.6884    40.4987    26.9676     5.7357    6.36449    6.38041     89.896     0.4567     0.4059 1.0000e-12    94.8580     0.2112      8.063   242.1999      0.943    26.6882    26.6882      24.32  1026.9717    26.9677  0.000e+00
      0.937    26.6885    40.5281    26.9898     5.7351    6.36342    6.37933     89.902     0.4567     0.4059 1.0000e-12    94.8580     0.2112      8.063   242.1999      0.943    26.6883    26.6883      24.32  1026.9938    26.9899  0.000e+00
      0.883    26.6883    40.5409    26.9995     5.7351    6.36298    6.37889     89.907     0.4567     0.3998 1.0000e-12    94.8580     0.2112      8.059   242.1999      0.888    26.6881    26.6881      24.32  1027.0033    26.9996  0.000e+00
      0.937    26.6883    40.5413    26.9999     5.7353    6.36297    6.37888     89.911     0.4567     0.4120 1.0000e-12    94.8309     0.2123      8.059   242.1999      0.943    26.6881    26.6881      24.32  1027.0039    26.9999  0.000e+00
      0.883    26.6882    40.5413    26.9999     5.7356    6.36298    6.37889     89.915     0.4567     0.4059 1.0000e-12    94.7768     0.2146      8.059   242.1999      0.888    26.6880    26.6880      24.30  1027.0037    27.0000  0.000e+00
      0.883    26.6885    40.5406    26.9993     5.7397    6.36297    6.37888     89.980     0.4567     0.4120 1.0000e-12    94.7227     0.2169      8.063   242.1999      0.888    26.6883    26.6883      24.32  1027.0030    26.9993  0.000e+00
      0.883    26.6883    40.5407    26.9994     5.7359    6.36299    6.37890     89.920     0.4567     0.3815 1.0000e-12    94.6956     0.2180      8.063   242.1999      0.888    26.6881    26.6881      24.30  1027.0032    26.9995  0.000e+00
      0.883    26.6884    40.5412    26.9998     5.7400    6.36297    6.37888     89.984     0.4445     0.3693 1.0000e-12    94.7227     0.2169      8.063   242.1999      0.888    26.6882    26.6882      24.32  1027.0036    26.9998  0.000e+00
      0.883    26.6883    40.5415    27.0000     5.7442    6.36296    6.37887     90.051     0.4445     0.3754 1.0000e-12    94.7227     0.2169      8.063   242.1999      0.888    26.6881    26.6881      24.32  1027.0038    27.0001  0.000e+00
      0.883    26.6883    40.5417    27.0001     5.7407    6.36295    6.37887     89.995     0.4445     0.3693 1.0000e-12    94.7227     0.2169      8.063   242.1999      0.888    26.6881    26.6881      24.32  1027.0039    27.0002  0.000e+00
      0.828    26.6885    40.5414    26.9999     5.7406    6.36294    6.37885     89.995     0.4445     0.3693 1.0000e-12    94.7227     0.2169      8.063   242.1999      0.833    26.6883    26.6883      24.32  1027.0034    26.9999  0.000e+00
      0.820    26.6887    40.5412    26.9997     5.7406    6.36293    6.37884     89.995     0.4445     0.3693 1.0000e-12    94.7227     0.2169      8.063   242.1999      0.825    26.6885    26.6885      24.32  1027.0032    26.9997  0.000e+00
      0.828    26.6889    40.5413    26.9996     5.7406    6.36291    6.37882     89.995     0.4445     0.3632 1.0000e-12    94.7227     0.2169      8.063   242.1999      0.833    26.6887    26.6887      24.32  1027.0032    26.9997  0.000e+00
      0.820    26.6887    40.5416    26.9999     5.7445    6.36292    6.37883     90.056     0.4445     0.3693 1.0000e-12    94.7227     0.2169      8.063   242.1999      0.825    26.6885    26.6885      24.32  1027.0034    27.0000  0.000e+00
      0.765    26.6890    40.5411    26.9995     5.7446    6.36291    6.37882     90.057     0.4445     0.3693 1.0000e-12    94.7227     0.2169      8.063   242.1999      0.770    26.6888    26.6888      24.32  1027.0028    26.9995  0.000e+00
      0.828    26.6889    40.5410    26.9995     5.7487    6.36292    6.37883     90.121     0.4445     0.3754 1.0000e-12    94.7227     0.2169      8.059   242.1999      0.833    26.6887    26.6887      24.32  1027.0030    26.9995  0.000e+00
      0.765    26.6887    40.5408    26.9994     5.7448    6.36295    6.37886     90.061     0.4445     0.3693 1.0000e-12    94.7227     0.2169      8.063   242.1999      0.770    26.6885    26.6885      24.32  1027.0026    26.9994  0.000e+00
