Data/files/RVJanan08002.cnv
* Sea-Bird SBE 9 Data File:
* FileName = C:\CruiseData\CTD911\RVJanan080\Hex\RVJanan08002.hex
* Software Version Seasave V 7.26.7.121
* Temperature SN = 5958
* Conductivity SN = 3674
* Number of Bytes Per Scan = 37
* Number of Voltage Words = 4
* Number of Scans Averaged by the Deck Unit = 1
* NMEA Latitude = 25 29.95 N
* NMEA Longitude = 052 29.34 E
* NMEA UTC (Time) = Dec 09 2019  06:04:27
* NMEA baud rate = 4800
** Ship: R/V JANAN
** Cruise: NPRP10Restore02-Dec19
** Station: Maydan Mahzen Reef
** Bottom Depth [m]: 33
** Operator: MD
# nquan = 22
# nvalues = 10445                                 
# units = specified
# name 0 = depSM: Depth [salt water, m]
# name 1 = t090C: Temperature [ITS-90, deg C]
# name 2 = sal00: Salinity, Practical [PSU]
# name 3 = sigma-t00: Density [sigma-t, kg/m^3 ]
# name 4 = sbeox0Mg/L: Oxygen, SBE 43 [mg/l]
# name 5 = oxsatMg/L: Oxygen Saturation, Weiss [mg/l]
# name 6 = oxsolMg/L: Oxygen Saturation, Garcia & Gordon [mg/l]
# name 7 = sbeox0PS: Oxygen, SBE 43 [% saturation]
# name 8 = flECO-AFL: Fluorescence, WET Labs ECO-AFL/FL [mg/m^3]
# name 9 = turbWETntu0: Turbidity, WET Labs ECO [NTU]
# name 10 = par: PAR/Irradiance, Biospherical/Licor
# name 11 = xmiss: Beam Transmission, Chelsea/Seatech [%]
# name 12 = bat: Beam Attenuation, Chelsea/Seatech [1/m]
# name 13 = ph: pH
# name 14 = orp: Oxidation Reduction Potential [mV]
# name 15 = prDM: Pressure, Digiquartz [db]
# name 16 = potemp090C: Potential Temperature [ITS-90, deg C]
# name 17 = pta090C: Potential Temperature Anomaly [ITS-90, deg C], a0 = 0, a1 = 0
# name 18 = ptempC: Pressure Temperature [deg C]
# name 19 = density00: Density [density, kg/m^3]
# name 20 = sigma-é00: Density [sigma-theta, kg/m^3]
# name 21 = flag:  0.000e+00
# span 0 =     -0.138,     33.134                 
# span 1 =    26.1865,    26.9457                 
# span 2 =     3.8519,    41.0016                 
# span 3 =    -0.4686,    27.2646                 
# span 4 =     5.1563,     7.0404                 
# span 5 =    6.31986,    7.88717                 
# span 6 =    6.33562,    7.90731                 
# span 7 =     81.385,     91.473                 
# span 8 =    -0.1172,     0.9573                 
# span 9 =     0.1007,     0.9920                 
# span 10 = 1.0000e-12, 1.0000e-12                
# span 11 =    81.2450,    96.1841                
# span 12 =     0.1556,     0.8308                
# span 13 =      8.040,      8.068                
# span 14 =   241.5939,   249.4716                
# span 15 =     -0.139,     33.352                
# span 16 =    26.1865,    26.9380                
# span 17 =    26.1865,    26.9380                
# span 18 =      24.30,      24.47                
# span 19 =   999.5313,  1027.4054                
# span 20 =    -0.4686,    27.2671                
# span 21 = 0.0000e+00, 0.0000e+00                
# interval = seconds: 0.0416667
# start_time = Dec 09 2019 06:04:27 [NMEA time, header]
# bad_flag = -9.990e-29
*END*
[from data line 6387]
      0.760    26.6965    40.5384    26.9950     5.7252    6.36221    6.37813     89.763     0.9329     0.4364 1.0000e-12    95.2098     0.1963      8.059   247.6537      0.765    26.6964    26.6964      24.41  1026.9983    26.9950  0.000e+00
      0.697    26.6969    40.5381    26.9947     5.7287    6.36218    6.37810     89.818     0.9329     0.4425 1.0000e-12    95.2369     0.1952      8.059   247.6537      0.702    26.6967    26.6967      24.41  1026.9977    26.9947  0.000e+00
      0.697    26.6969    40.5381    26.9947     5.7326    6.36218    6.37810     89.880     0.9329     0.4425 1.0000e-12    95.2369     0.1952      8.059   247.6537      0.702    26.6967    26.6967      24.41  1026.9977    26.9947  0.000e+00
      0.697    26.6973    40.5381    26.9945     5.7287    6.36215    6.37806     89.819     0.9329     0.4425 1.0000e-12    95.2639     0.1941      8.059   247.6537      0.702    26.6971    26.6971      24.39  1026.9975    26.9946  0.000e+00
      0.760    26.6974    40.5383    26.9947     5.7288    6.36213    6.37804     89.821     0.9329     0.4364 1.0000e-12    95.2639     0.1941      8.059   247.6537      0.765    26.6972    26.6972      24.39  1026.9979    26.9947  0.000e+00
      0.697    26.6975    40.5384    26.9947     5.7329    6.36212    6.37803     89.885     0.9329     0.4425 1.0000e-12    95.2639     0.1941      8.059   247.6537      0.702    26.6973    26.6973      24.41  1026.9977    26.9947  0.000e+00
      0.760    26.6973    40.5380    26.9944     5.7333    6.36215    6.37806     89.890     0.9451     0.4364 1.0000e-12    95.2369     0.1952      8.059   247.6537      0.765    26.6971    26.6971      24.39  1026.9977    26.9945  0.000e+00
      0.697    26.6975    40.5378    26.9943     5.7375    6.36214    6.37805     89.957     0.9329     0.4425 1.0000e-12    95.2639     0.1941      8.059   247.6537      0.702    26.6973    26.6973      24.39  1026.9973    26.9943  0.000e+00
      0.760    26.6973    40.5375    26.9941     5.7342    6.36217    6.37808     89.905     0.9329     0.4364 1.0000e-12    95.2639     0.1941      8.059   247.6537      0.765    26.6971    26.6971      24.41  1026.9973    26.9941  0.000e+00
      0.697    26.6973    40.5374    26.9940     5.7387    6.36217    6.37808     89.975     0.9329     0.4364 1.0000e-12    95.2639     0.1941      8.059   247.6537      0.702    26.6971    26.6971      24.39  1026.9970    26.9941  0.000e+00
      0.697    26.6967    40.5376    26.9943     5.7354    6.36223    6.37814     89.923     0.9329     0.4364 1.0000e-12    95.2369     0.1952      8.059   247.6537      0.702    26.6965    26.6965      24.39  1026.9973    26.9944  0.000e+00
      0.697    26.6969    40.5374    26.9941     5.7399    6.36221    6.37812     89.994     0.9329     0.4364 1.0000e-12    95.2639     0.1941      8.059   247.6537      0.702    26.6967    26.6967      24.39  1026.9971    26.9942  0.000e+00
      0.814    26.6967    40.5377    26.9945     5.7407    6.36222    6.37813     90.007     0.9329     0.4364 1.0000e-12    95.2639     0.1941      8.059   247.6537      0.820    26.6965    26.6965      24.41  1026.9979    26.9945  0.000e+00
      0.588    26.6968    40.5375    26.9943     5.7415    6.36221    6.37813     90.018     0.9329     0.4425 1.0000e-12    95.2639     0.1941      8.059   247.6537      0.592    26.6967    26.6967      24.39  1026.9968    26.9943  0.000e+00
      0.697    26.6965    40.5377    26.9945     5.7423    6.36224    6.37815     90.031     0.9329     0.4425 1.0000e-12    95.2639     0.1941      8.059   247.6537      0.702    26.6964    26.6964      24.41  1026.9975    26.9945  0.000e+00
      0.697    26.6967    40.5371    26.9940     5.7390    6.36224    6.37815     89.980     0.9329     0.4364 1.0000e-12    95.2639     0.1941      8.059   247.6537      0.702    26.6965    26.6965      24.39  1026.9970    26.9940  0.000e+00
      0.643    26.6965    40.5378    26.9946     5.7396    6.36223    6.37815     89.988     0.9451     0.4364 1.0000e-12    95.2639     0.1941      8.059   247.6537      0.647    26.6964    26.6964      24.39  1026.9973    26.9946  0.000e+00
      0.643    26.6969    40.5374    26.9942     5.7363    6.36221    6.37812     89.938     0.9329     0.4364 1.0000e-12    95.2639     0.1941      8.059   247.6537      0.647    26.6968    26.6968      24.41  1026.9969    26.9942  0.000e+00
      0.643    26.6967    40.5378    26.9945     5.7411    6.36222    6.37813     90.013     0.9329     0.4364 1.0000e-12    95.2639     0.1941      8.059   247.6537      0.647    26.6966    26.6966      24.41  1026.9973    26.9945  0.000e+00
      0.643    26.6969    40.5380    26.9946     5.7381    6.36219    6.37810     89.966     0.9329     0.4364 1.0000e-12    95.2639     0.1941      8.059   247.6537      0.647    26.6968    26.6968      24.39  1026.9974    26.9947  0.000e+00
      0.643    26.6973    40.5378    26.9943     5.7388    6.36216    6.37807     89.977     0.8474     0.4120 1.0000e-12    95.2639     0.1941      8.059   247.6537      0.647    26.6971    26.6971      24.41  1026.9971    26.9944  0.000e+00
      0.643    26.6971    40.5380    26.9945     5.7353    6.36217    6.37808     89.923     0.6276     0.3632 1.0000e-12    95.2369     0.1952      8.059   247.6537      0.647    26.6969    26.6969      24.41  1026.9973    26.9946  0.000e+00
      0.580    26.6972    40.5372    26.9939     5.7399    6.36219    6.37810     89.994     0.5544     0.3510 1.0000e-12    95.2098     0.1963      8.059   247.6537      0.584    26.6971    26.6971      24.39  1026.9964    26.9939  0.000e+00
      0.588    26.6975    40.5371    26.9937     5.7365    6.36216    6.37807     89.940     0.5544     0.3449 1.0000e-12    95.2098     0.1963      8.059   247.6537      0.592    26.6973    26.6973      24.39  1026.9963    26.9938  0.000e+00
      0.580    26.6973    40.5321    26.9900     5.7329    6.36236    6.37827     89.882     0.5666     0.3449 1.0000e-12    95.2098     0.1963      8.059   247.6537      0.584    26.6971    26.6971      24.39  1026.9925    26.9901  0.000e+00
      0.588    26.6973    40.5345    26.9918     5.7330    6.36228    6.37819     89.884     0.5666     0.3510 1.0000e-12    95.2098     0.1963      8.059   247.6537      0.592    26.6971    26.6971      24.41  1026.9943    26.9919  0.000e+00
      0.580    26.6971    40.5376    26.9942     5.7329    6.36219    6.37810     89.884     0.5666     0.3571 1.0000e-12    95.2098     0.1963      8.059   247.6537      0.584    26.6969    26.6969      24.42  1026.9967    26.9942  0.000e+00
      0.588    26.6975    40.5379    26.9943     5.7366    6.36213    6.37804     89.944     0.5666     0.3571 1.0000e-12    95.2098     0.1963      8.059   247.6537      0.592    26.6973    26.6973      24.39  1026.9969    26.9944  0.000e+00
      0.525    26.6975    40.5381    26.9944     5.7286    6.36213    6.37804     89.818     0.5666     0.3510 1.0000e-12    95.2098     0.1963      8.059   247.6537      0.529    26.6974    26.6974      24.39  1026.9967    26.9945  0.000e+00
      0.580    26.6971    40.5381    26.9946     5.7324    6.36217    6.37808     89.876     0.5666     0.3510 1.0000e-12    95.2098     0.1963      8.059   247.6537      0.584    26.6969    26.6969      24.41  1026.9971    26.9946  0.000e+00
      0.525    26.6975    40.5379    26.9943     5.7280    6.36213    6.37805     89.808     0.5666     0.3449 1.0000e-12    95.2098     0.1963      8.059   247.6537      0.529    26.6974    26.6974      24.41  1026.9966    26.9943  0.000e+00
      0.525    26.6972    40.5380    26.9945     5.7275    6.36216    6.37807     89.800     0.5666     0.3510 1.0000e-12    95.2098     0.1963      8.059   247.6537      0.529    26.6971    26.6971      24.39  1026.9968    26.9945  0.000e+00
      0.588    26.6973    40.5384    26.9948     5.7269    6.36214    6.37805     89.791     0.5666     0.3510 1.0000e-12    95.2098     0.1963      8.059   247.6537      0.592    26.6971    26.6971      24.41  1026.9973    26.9948  0.000e+00
      0.471    26.6973    40.5383    26.9947     5.7264    6.36214    6.37805     89.782     0.5666     0.3449 1.0000e-12    95.2098     0.1963      8.059   247.6537      0.474    26.6972    26.6972      24.39  1026.9967    26.9947  0.000e+00
      0.525    26.6976    40.5382    26.9945     5.7296    6.36211    6.37802     89.833     0.5666     0.3510 1.0000e-12    95.2098     0.1963      8.059   247.6537      0.529    26.6975    26.6975      24.41  1026.9967    26.9945  0.000e+00
      0.525    26.6978    40.5381    26.9943     5.7291    6.36209    6.37800     89.826     0.5666     0.3510 1.0000e-12    95.2098     0.1963      8.059   247.6537      0.529    26.6977    26.6977      24.41  1026.9966    26.9944  0.000e+00
      0.580    26.6978    40.5381    26.9943     5.7287    6.36209    6.37800     89.819     0.5666     0.3571 1.0000e-12    95.2098     0.1963      8.059   247.6537      0.584    26.6977    26.6977      24.39  1026.9968    26.9944  0.000e+00
      0.525    26.6976    40.5382    26.9945     5.7282    6.36211    6.37802     89.812     0.5666     0.3571 1.0000e-12    95.2369     0.1952      8.059   247.6537      0.529    26.6975    26.6975      24.39  1026.9967    26.9945  0.000e+00
      0.525    26.6980    40.5385    26.9946     5.7277    6.36206    6.37797     89.805     0.5666     0.3510 1.0000e-12    95.2098     0.1963      8.059   247.6537      0.529    26.6979    26.6979      24.39  1026.9968    26.9946  0.000e+00
      0.525    26.6987    40.5383    26.9942     5.7232    6.36199    6.37790     89.735     0.5666     0.3449 1.0000e-12    95.2098     0.1963      8.059   247.6537      0.529    26.6986    26.6986      24.39  1026.9965    26.9943  0.000e+00
      0.525    26.6991    40.5384    26.9942     5.7224    6.36195    6.37786     89.722     0.5666     0.3510 1.0000e-12    95.2098     0.1963      8.059   247.6537      0.529    26.6989    26.6989      24.39  1026.9964    26.9942  0.000e+00
      0.525    26.6995    40.5386    26.9942     5.7217    6.36189    6.37780     89.712     0.5666     0.3510 1.0000e-12    95.2098     0.1963      8.059   247.6537      0.529    26.6994    26.6994      24.41  1026.9965    26.9943  0.000e+00
      0.525    26.6995    40.5385    26.9941     5.7209    6.36190    6.37781     89.700     0.5666     0.3449 1.0000e-12    95.2639     0.1941      8.059   247.6537      0.529    26.6994    26.6994      24.39  1026.9964    26.9942  0.000e+00
      0.526    26.6997    40.5386    26.9942     5.7201    6.36188    6.37779     89.688     0.5666     0.3510 1.0000e-12    95.2910     0.1929      8.059   247.6537      0.529    26.6996    26.6996      24.41  1026.9964    26.9942  0.000e+00
      0.588    26.6997    40.5384    26.9940     5.7195    6.36189    6.37780     89.679     0.5666     0.3510 1.0000e-12    95.2910     0.1929      8.059   247.6537      0.592    26.6995    26.6995      24.41  1026.9965    26.9940  0.000e+00
      0.526    26.6999    40.5380    26.9936     5.7151    6.36188    6.37779     89.609     0.5666     0.3510 1.0000e-12    95.2639     0.1941      8.059   247.6537      0.529    26.6998    26.6998      24.41  1026.9959    26.9937  0.000e+00
      0.526    26.6999    40.5381    26.9937     5.7145    6.36188    6.37779     89.600     0.5666     0.3510 1.0000e-12    95.2910     0.1929      8.063   247.6537      0.529    26.6998    26.6998      24.39  1026.9959    26.9937  0.000e+00
      0.526    26.6999    40.5384    26.9940     5.7099    6.36186    6.37777     89.528     0.5544     0.3510 1.0000e-12    95.2639     0.1941      8.059   247.6537      0.529    26.6998    26.6998      24.39  1026.9962    26.9940  0.000e+00
      0.526    26.7000    40.5387    26.9941     5.7134    6.36184    6.37775     89.583     0.5055     0.3693 1.0000e-12    95.2910     0.1929      8.059   247.6537      0.529    26.6999    26.6999      24.41  1026.9963    26.9941  0.000e+00
      0.526    26.7005    40.5383    26.9937     5.7088    6.36180    6.37771     89.512     0.4811     0.3693 1.0000e-12    95.2910     0.1929      8.059   247.6537      0.529    26.7004    26.7004      24.41  1026.9959    26.9937  0.000e+00
      0.526    26.7003    40.5386    26.9939     5.7124    6.36182    6.37773     89.568     0.4689     0.3754 1.0000e-12    95.2910     0.1929      8.059   247.6537      0.529    26.7001    26.7001      24.41  1026.9962    26.9940  0.000e+00
      0.526    26.7006    40.5388    26.9940     5.7123    6.36177    6.37768     89.567     0.4811     0.3754 1.0000e-12    95.2910     0.1929      8.059   247.6537      0.529    26.7005    26.7005      24.41  1026.9963    26.9940  0.000e+00
      0.588    26.7008    40.5385    26.9937     5.7081    6.36176    6.37767     89.501     0.4811     0.3693 1.0000e-12    95.2910     0.1929      8.059   247.6537      0.592    26.7007    26.7007      24.41  1026.9962    26.9937  0.000e+00
      0.526    26.7006    40.5383    26.9936     5.7157    6.36179    6.37770     89.620     0.4811     0.3754 1.0000e-12    95.2910     0.1929      8.059   247.6537      0.529    26.7005    26.7005      24.41  1026.9958    26.9936  0.000e+00
      0.526    26.7006    40.5382    26.9935     5.7159    6.36179    6.37770     89.623     0.4811     0.3632 1.0000e-12    95.2910     0.1929      8.059   247.6537      0.529    26.7005    26.7005      24.39  1026.9958    26.9936  0.000e+00
      0.526    26.7006    40.5383    26.9936     5.7161    6.36179    6.37770     89.626     0.4811     0.3693 1.0000e-12    95.2910     0.1929      8.059   247.6537      0.529    26.7005    26.7005      24.41  1026.9958    26.9936  0.000e+00
      0.526    26.7008    40.5386    26.9938     5.7205    6.36176    6.37767     89.696     0.4811     0.3754 1.0000e-12    95.2910     0.1929      8.059   247.6537      0.529    26.7007    26.7007      24.41  1026.9960    26.9938  0.000e+00
      0.354    26.7006    40.5394    26.9944     5.7208    6.36175    6.37766     89.701     0.4811     0.3693 1.0000e-12    95.2910     0.1929      8.059   247.6537      0.356    26.7005    26.7005      24.41  1026.9959    26.9944  0.000e+00
      0.697    26.7008    40.5386    26.9937     5.7257    6.36176    6.37767     89.777     0.4811     0.3693 1.0000e-12    95.2910     0.1929      8.059   247.6537      0.702    26.7007    26.7007      24.41  1026.9967    26.9938  0.000e+00
      0.526    26.7006    40.5383    26.9936     5.7263    6.36179    6.37770     89.786     0.4811     0.3754 1.0000e-12    95.2910     0.1929      8.059   247.6537      0.529    26.7005    26.7005      24.41  1026.9959    26.9937  0.000e+00
      0.580    26.7007    40.5379    26.9932     5.7272    6.36179    6.37770     89.800     0.4811     0.3754 1.0000e-12    95.2910     0.1929      8.059   247.6537      0.584    26.7006    26.7006      24.39  1026.9957    26.9933  0.000e+00
      0.526    26.7003    40.5382    26.9937     5.7280    6.36183    6.37774     89.813     0.4811     0.3693 1.0000e-12    95.2639     0.1941      8.059   247.6537      0.529    26.7001    26.7001      24.41  1026.9959    26.9937  0.000e+00
      0.526    26.7003    40.5384    26.9938     5.7289    6.36182    6.37774     89.827     0.4811     0.3632 1.0000e-12    95.1557     0.1986      8.059   247.6537      0.529    26.7001    26.7001      24.39  1026.9961    26.9939  0.000e+00
      0.588    26.7003    40.5379    26.9934     5.7339    6.36184    6.37775     89.905     0.4811     0.3693 1.0000e-12    95.1286     0.1998      8.059   247.6537      0.592    26.7001    26.7001      24.39  1026.9960    26.9935  0.000e+00
      0.526    26.7005    40.5379    26.9934     5.7348    6.36182    6.37773     89.919     0.4811     0.3693 1.0000e-12    95.1016     0.2009      8.059   247.6537      0.529    26.7003    26.7003      24.39  1026.9956    26.9934  0.000e+00
