Data/files/RVJanan08004.cnv
* Sea-Bird SBE 9 Data File:
* FileName = C:\CruiseData\CTD911\RVJanan080\Hex\RVJanan08004.hex
* Software Version Seasave V 7.26.7.121
* Temperature SN = 5958
* Conductivity SN = 3674
* Number of Bytes Per Scan = 37
* Number of Voltage Words = 4
* Number of Scans Averaged by the Deck Unit = 1
* NMEA Latitude = 25 42.41 N
* NMEA Longitude = 052 37.59 E
* NMEA UTC (Time) = Dec 10 2019  05:59:38
* NMEA baud rate = 4800
** Ship: R/V JANAN
** Cruise: NPRP10Restore02-Dec19
** Station: FashtEHalul
** Bottom Depth [m]: 48
** Operator: MD
# nquan = 22
# nvalues = 7913                                  
# units = specified
# name 0 = depSM: Depth [salt water, m]
# name 1 = t090C: Temperature [ITS-90, deg C]
# name 2 = sal00: Salinity, Practical [PSU]
# name 3 = sigma-t00: Density [sigma-t, kg/m^3 ]
# name 4 = sbeox0Mg/L: Oxygen, SBE 43 [mg/l]
# name 5 = oxsatMg/L: Oxygen Saturation, Weiss [mg/l]
# name 6 = oxsolMg/L: Oxygen Saturation, Garcia & Gordon [mg/l]
# name 7 = sbeox0PS: Oxygen, SBE 43 [% saturation]
# name 8 = flECO-AFL: Fluorescence, WET Labs ECO-AFL/FL [mg/m^3]
# name 9 = turbWETntu0: Turbidity, WET Labs ECO [NTU]
# name 10 = par: PAR/Irradiance, Biospherical/Licor
# name 11 = xmiss: Beam Transmission, Chelsea/Seatech [%]
# name 12 = bat: Beam Attenuation, Chelsea/Seatech [1/m]
# name 13 = ph: pH
# name 14 = orp: Oxidation Reduction Potential [mV]
# name 15 = prDM: Pressure, Digiquartz [db]
# name 16 = potemp090C: Potential Temperature [ITS-90, deg C]
# name 17 = pta090C: Potential Temperature Anomaly [ITS-90, deg C], a0 = 0, a1 = 0
# name 18 = ptempC: Pressure Temperature [deg C]
# name 19 = density00: Density [density, kg/m^3]
# name 20 = sigma-é00: Density [sigma-theta, kg/m^3]
# name 21 = flag:  0.000e+00
# span 0 =     -0.160,     48.244                 
# span 1 =    26.5129,    27.0429                 
# span 2 =     2.3198,    40.8140                 
# span 3 =    -1.7003,    27.1136                 
# span 4 =     4.9805,     6.8450                 
# span 5 =    6.32330,    7.86671                 
# span 6 =    6.33909,    7.88699                 
# span 7 =     63.773,     87.993                 
# span 8 =    -0.0317,     0.8352                 
# span 9 =    -0.1741,     4.3864                 
# span 10 = 1.0000e-12, 1.0000e-12                
# span 11 =    72.1787,   103.5454                
# span 12 =    -0.1394,     1.3041                
# span 13 =      8.013,      8.037                
# span 14 =   245.8358,   248.2597                
# span 15 =     -0.162,     48.565                
# span 16 =    26.5129,    27.0368                
# span 17 =    26.5129,    27.0368                
# span 18 =      22.44,      22.61                
# span 19 =   998.2990,  1027.3190                
# span 20 =    -1.7003,    27.1173                
# span 21 = 0.0000e+00, 0.0000e+00                
# interval = seconds: 0.0416667
# start_time = Dec 10 2019 05:59:38 [NMEA time, header]
# bad_flag = -9.990e-29
*END*
[from data line 6519]
      2.011    26.9114    39.9764    26.5005     5.5753    6.35987    6.37587     87.444     0.5300     0.3021 1.0000e-12    95.5887     0.1805      8.027   246.4417      2.024    26.9109    26.9109      22.55  1026.5092    26.5007  0.000e+00
      2.074    26.9116    39.9764    26.5004     5.5756    6.35985    6.37584     87.450     0.5422     0.2960 1.0000e-12    95.6158     0.1793      8.018   246.4417      2.087    26.9111    26.9111      22.55  1026.5094    26.5006  0.000e+00
      1.902    26.9116    39.9766    26.5006     5.5758    6.35984    6.37584     87.452     0.5300     0.3021 1.0000e-12    95.6158     0.1793      8.018   245.8358      1.914    26.9112    26.9112      22.55  1026.5087    26.5007  0.000e+00
      2.074    26.9114    39.9767    26.5008     5.5801    6.35986    6.37586     87.520     0.5300     0.3082 1.0000e-12    95.6158     0.1793      8.018   246.4417      2.087    26.9109    26.9109      22.55  1026.5097    26.5009  0.000e+00
      2.074    26.9120    39.9766    26.5004     5.5806    6.35980    6.37580     87.527     0.5300     0.3082 1.0000e-12    95.6158     0.1793      8.018   245.8358      2.087    26.9115    26.9115      22.55  1026.5094    26.5006  0.000e+00
      2.128    26.9118    39.9767    26.5006     5.5769    6.35982    6.37581     87.470     0.5422     0.3021 1.0000e-12    95.6158     0.1793      8.018   245.8358      2.142    26.9113    26.9113      22.55  1026.5098    26.5008  0.000e+00
      2.011    26.9118    39.9765    26.5004     5.5768    6.35983    6.37582     87.467     0.5300     0.2960 1.0000e-12    95.6158     0.1793      8.018   245.8358      2.024    26.9113    26.9113      22.55  1026.5091    26.5006  0.000e+00
      2.128    26.9122    39.9763    26.5002     5.5768    6.35980    6.37579     87.469     0.5300     0.2899 1.0000e-12    95.6158     0.1793      8.018   245.8358      2.142    26.9117    26.9117      22.55  1026.5093    26.5003  0.000e+00
      2.128    26.9120    39.9765    26.5004     5.5808    6.35980    6.37580     87.531     0.5300     0.2899 1.0000e-12    95.6158     0.1793      8.018   245.8358      2.142    26.9115    26.9115      22.55  1026.5096    26.5006  0.000e+00
      2.128    26.9120    39.9765    26.5004     5.5769    6.35980    6.37580     87.470     0.5300     0.2838 1.0000e-12    95.6158     0.1793      8.018   245.8358      2.142    26.9115    26.9115      22.55  1026.5096    26.5006  0.000e+00
      2.074    26.9122    39.9764    26.5003     5.5806    6.35979    6.37579     87.528     0.5300     0.2899 1.0000e-12    95.6158     0.1793      8.018   245.8358      2.087    26.9117    26.9117      22.55  1026.5092    26.5004  0.000e+00
      2.191    26.9123    39.9766    26.5004     5.5805    6.35977    6.37576     87.526     0.5300     0.2899 1.0000e-12    95.6158     0.1793      8.018   245.8358      2.205    26.9118    26.9118      22.55  1026.5098    26.5005  0.000e+00
      2.019    26.9122    39.9766    26.5004     5.5841    6.35979    6.37578     87.584     0.5300     0.2899 1.0000e-12    95.6158     0.1793      8.031   245.8358      2.032    26.9117    26.9117      22.55  1026.5091    26.5005  0.000e+00
      2.300    26.9124    39.9765    26.5002     5.5802    6.35977    6.37576     87.522     0.5300     0.2899 1.0000e-12    95.6158     0.1793      8.031   245.8358      2.315    26.9118    26.9118      22.55  1026.5101    26.5004  0.000e+00
      2.191    26.9124    39.9763    26.5001     5.5796    6.35978    6.37577     87.513     0.5300     0.2838 1.0000e-12    95.6158     0.1793      8.031   245.8358      2.205    26.9118    26.9118      22.55  1026.5095    26.5003  0.000e+00
      2.191    26.9120    39.9768    26.5007     5.5792    6.35980    6.37579     87.506     0.5300     0.2899 1.0000e-12    95.6158     0.1793      8.031   246.4417      2.205    26.9114    26.9114      22.55  1026.5101    26.5008  0.000e+00
      2.245    26.9122    39.9764    26.5003     5.5786    6.35979    6.37579     87.497     0.5422     0.2899 1.0000e-12    95.6158     0.1793      8.031   245.8358      2.260    26.9116    26.9116      22.55  1026.5099    26.5005  0.000e+00
      2.191    26.9120    39.9763    26.5002     5.5860    6.35981    6.37581     87.613     0.5300     0.2899 1.0000e-12    95.5887     0.1805      8.031   246.4417      2.205    26.9115    26.9115      22.55  1026.5096    26.5004  0.000e+00
      2.246    26.9122    39.9766    26.5004     5.5818    6.35979    6.37578     87.547     0.5300     0.2899 1.0000e-12    95.5887     0.1805      8.031   246.4417      2.260    26.9116    26.9116      22.55  1026.5101    26.5006  0.000e+00
      2.246    26.9122    39.9768    26.5005     5.5811    6.35978    6.37577     87.536     0.5300     0.2899 1.0000e-12    95.5616     0.1816      8.031   246.4417      2.260    26.9116    26.9116      22.55  1026.5102    26.5007  0.000e+00
      2.246    26.9124    39.9768    26.5005     5.5763    6.35976    6.37575     87.462     0.5300     0.2899 1.0000e-12    95.5346     0.1827      8.031   246.4417      2.260    26.9118    26.9118      22.55  1026.5102    26.5007  0.000e+00
      2.417    26.9124    39.9769    26.5006     5.5796    6.35975    6.37575     87.514     0.5300     0.2899 1.0000e-12    95.5346     0.1827      8.031   245.8358      2.433    26.9118    26.9118      22.57  1026.5110    26.5008  0.000e+00
      2.191    26.9126    39.9770    26.5006     5.5750    6.35973    6.37572     87.440     0.5300     0.2838 1.0000e-12    95.5346     0.1827      8.031   246.4417      2.205    26.9121    26.9121      22.55  1026.5100    26.5008  0.000e+00
      2.300    26.9127    39.9770    26.5005     5.5784    6.35971    6.37571     87.495     0.5300     0.2899 1.0000e-12    95.5346     0.1827      8.031   246.4417      2.315    26.9122    26.9122      22.55  1026.5104    26.5007  0.000e+00
      2.300    26.9127    39.9767    26.5003     5.5780    6.35972    6.37572     87.488     0.5300     0.2899 1.0000e-12    95.5346     0.1827      8.031   245.8358      2.315    26.9122    26.9122      22.55  1026.5102    26.5005  0.000e+00
      2.300    26.9127    39.9766    26.5002     5.5777    6.35973    6.37572     87.483     0.5300     0.2960 1.0000e-12    95.5346     0.1827      8.036   246.4417      2.315    26.9122    26.9122      22.55  1026.5101    26.5004  0.000e+00
      2.363    26.9127    39.9766    26.5002     5.5774    6.35973    6.37572     87.478     0.5422     0.2899 1.0000e-12    95.5346     0.1827      8.031   246.4417      2.378    26.9122    26.9122      22.55  1026.5104    26.5004  0.000e+00
      2.363    26.9125    39.9762    26.5000     5.5730    6.35976    6.37576     87.410     0.5300     0.2899 1.0000e-12    95.5346     0.1827      8.031   245.8358      2.378    26.9120    26.9120      22.55  1026.5101    26.5002  0.000e+00
      2.363    26.9124    39.9761    26.5000     5.5724    6.35978    6.37578     87.400     0.5300     0.2960 1.0000e-12    95.5346     0.1827      8.031   245.8358      2.378    26.9118    26.9118      22.55  1026.5102    26.5002  0.000e+00
      2.417    26.9124    39.9761    26.5000     5.5720    6.35978    6.37578     87.394     0.5300     0.2899 1.0000e-12    95.5346     0.1827      8.031   245.8358      2.433    26.9118    26.9118      22.55  1026.5104    26.5002  0.000e+00
      2.363    26.9118    39.9766    26.5006     5.5675    6.35982    6.37582     87.323     0.5300     0.2838 1.0000e-12    95.5346     0.1827      8.031   245.8358      2.378    26.9112    26.9112      22.55  1026.5107    26.5007  0.000e+00
      2.417    26.9118    39.9767    26.5006     5.5711    6.35982    6.37582     87.378     0.5422     0.2899 1.0000e-12    95.5346     0.1827      8.031   245.8358      2.433    26.9112    26.9112      22.55  1026.5110    26.5008  0.000e+00
      2.535    26.9122    39.9769    26.5006     5.5628    6.35978    6.37577     87.248     0.5300     0.2899 1.0000e-12    95.5346     0.1827      8.031   245.8358      2.551    26.9116    26.9116      22.55  1026.5115    26.5008  0.000e+00
      2.300    26.9126    39.9765    26.5002     5.5659    6.35975    6.37574     87.297     0.5300     0.2960 1.0000e-12    95.5346     0.1827      8.031   245.8358      2.315    26.9120    26.9120      22.55  1026.5101    26.5004  0.000e+00
      2.417    26.9122    39.9764    26.5002     5.5654    6.35979    6.37579     87.290     0.5422     0.3021 1.0000e-12    95.5346     0.1827      8.031   245.8358      2.433    26.9116    26.9116      22.55  1026.5106    26.5004  0.000e+00
      2.418    26.9123    39.9765    26.5003     5.5609    6.35977    6.37577     87.219     0.5544     0.3143 1.0000e-12    95.5346     0.1827      8.031   246.4417      2.433    26.9118    26.9118      22.55  1026.5106    26.5004  0.000e+00
      2.472    26.9124    39.9765    26.5003     5.5645    6.35977    6.37576     87.276     0.5544     0.3204 1.0000e-12    95.5346     0.1827      8.031   245.8358      2.488    26.9118    26.9118      22.55  1026.5109    26.5005  0.000e+00
      2.472    26.9122    39.9765    26.5003     5.5601    6.35979    6.37579     87.207     0.5544     0.3143 1.0000e-12    95.5346     0.1827      8.031   246.4417      2.488    26.9116    26.9116      22.55  1026.5109    26.5005  0.000e+00
      2.535    26.9122    39.9766    26.5004     5.5556    6.35979    6.37578     87.136     0.5544     0.3143 1.0000e-12    95.5346     0.1827      8.031   246.4417      2.551    26.9116    26.9116      22.55  1026.5113    26.5006  0.000e+00
      2.418    26.9122    39.9764    26.5002     5.5550    6.35979    6.37579     87.127     0.5544     0.3143 1.0000e-12    95.5616     0.1816      8.018   246.4417      2.433    26.9116    26.9116      22.55  1026.5106    26.5004  0.000e+00
      2.418    26.9120    39.9764    26.5004     5.5545    6.35981    6.37580     87.118     0.5544     0.3143 1.0000e-12    95.6158     0.1793      8.018   246.4417      2.433    26.9114    26.9114      22.55  1026.5107    26.5005  0.000e+00
      2.535    26.9122    39.9766    26.5004     5.5580    6.35979    6.37578     87.174     0.5544     0.3204 1.0000e-12    95.6158     0.1793      8.018   245.8358      2.551    26.9116    26.9116      22.55  1026.5113    26.5006  0.000e+00
      2.472    26.9122    39.9763    26.5002     5.5538    6.35979    6.37579     87.108     0.5544     0.3143 1.0000e-12    95.6158     0.1793      8.018   245.8358      2.488    26.9116    26.9116      22.55  1026.5108    26.5004  0.000e+00
      2.480    26.9120    39.9768    26.5006     5.5492    6.35980    6.37580     87.035     0.5544     0.3143 1.0000e-12    95.6158     0.1793      8.018   246.4417      2.496    26.9114    26.9114      22.55  1026.5113    26.5008  0.000e+00
      2.363    26.9122    39.9767    26.5005     5.5524    6.35978    6.37578     87.086     0.5544     0.3204 1.0000e-12    95.6158     0.1793      8.018   245.8358      2.378    26.9116    26.9116      22.55  1026.5107    26.5007  0.000e+00
      2.472    26.9122    39.9761    26.5000     5.5441    6.35980    6.37580     86.955     0.5544     0.3143 1.0000e-12    95.6158     0.1793      8.018   245.8358      2.488    26.9116    26.9116      22.55  1026.5107    26.5002  0.000e+00
      2.418    26.9120    39.9766    26.5005     5.5433    6.35980    6.37580     86.942     0.5544     0.3143 1.0000e-12    95.6158     0.1793      8.018   245.8358      2.433    26.9114    26.9114      22.55  1026.5109    26.5007  0.000e+00
      2.472    26.9122    39.9763    26.5002     5.5465    6.35979    6.37579     86.994     0.5544     0.3204 1.0000e-12    95.6158     0.1793      8.018   246.4417      2.488    26.9116    26.9116      22.55  1026.5108    26.5004  0.000e+00
      2.418    26.9122    39.9760    26.5000     5.5420    6.35981    6.37580     86.922     0.5544     0.3143 1.0000e-12    95.6158     0.1793      8.018   245.8358      2.433    26.9116    26.9116      22.55  1026.5104    26.5002  0.000e+00
      2.363    26.9122    39.9762    26.5001     5.5372    6.35980    6.37579     86.848     0.5544     0.3143 1.0000e-12    95.5887     0.1805      8.018   245.8358      2.378    26.9116    26.9116      22.55  1026.5103    26.5003  0.000e+00
      2.472    26.9120    39.9765    26.5004     5.5405    6.35981    6.37580     86.898     0.5544     0.3143 1.0000e-12    95.6158     0.1793      8.031   245.8358      2.488    26.9114    26.9114      22.55  1026.5110    26.5006  0.000e+00
      2.300    26.9120    39.9763    26.5002     5.5357    6.35982    6.37581     86.824     0.5544     0.3143 1.0000e-12    95.5887     0.1805      8.031   246.4417      2.316    26.9114    26.9114      22.55  1026.5101    26.5004  0.000e+00
      2.363    26.9118    39.9760    26.5001     5.5352    6.35985    6.37584     86.815     0.5544     0.3082 1.0000e-12    95.6158     0.1793      8.031   246.4417      2.378    26.9112    26.9112      22.55  1026.5102    26.5003  0.000e+00
      2.363    26.9114    39.9757    26.5000     5.5347    6.35989    6.37589     86.807     0.5544     0.3204 1.0000e-12    95.6158     0.1793      8.036   246.4417      2.378    26.9109    26.9109      22.55  1026.5101    26.5002  0.000e+00
      2.363    26.9114    39.9758    26.5000     5.5380    6.35989    6.37589     86.859     0.5544     0.3143 1.0000e-12    95.6158     0.1793      8.036   245.8358      2.378    26.9109    26.9109      22.55  1026.5102    26.5002  0.000e+00
      2.418    26.9116    39.9763    26.5003     5.5375    6.35986    6.37585     86.852     0.5544     0.3143 1.0000e-12    95.5887     0.1805      8.031   245.8358      2.433    26.9110    26.9110      22.55  1026.5107    26.5005  0.000e+00
      2.191    26.9116    39.9759    26.5001     5.5329    6.35986    6.37586     86.780     0.5544     0.3143 1.0000e-12    95.6158     0.1793      8.031   245.8358      2.205    26.9111    26.9111      22.55  1026.5095    26.5003  0.000e+00
      2.301    26.9112    39.9758    26.5002     5.5366    6.35991    6.37590     86.837     0.5544     0.3204 1.0000e-12    95.6158     0.1793      8.031   246.4417      2.316    26.9107    26.9107      22.57  1026.5100    26.5003  0.000e+00
      2.363    26.9112    39.9759    26.5002     5.5403    6.35991    6.37590     86.894     0.5544     0.3204 1.0000e-12    95.5887     0.1805      8.031   246.4417      2.378    26.9107    26.9107      22.55  1026.5104    26.5004  0.000e+00
      2.191    26.9112    39.9758    26.5001     5.5362    6.35991    6.37591     86.829     0.5544     0.3143 1.0000e-12    95.6428     0.1782      8.031   246.4417      2.205    26.9107    26.9107      22.55  1026.5096    26.5003  0.000e+00
      2.191    26.9111    39.9756    26.5000     5.5440    6.35994    6.37593     86.952     0.5544     0.3204 1.0000e-12    95.6970     0.1759      8.031   246.4417      2.205    26.9105    26.9105      22.55  1026.5094    26.5002  0.000e+00
      2.246    26.9109    39.9754    26.4999     5.5405    6.35997    6.37596     86.896     0.5300     0.3021 1.0000e-12    95.6970     0.1759      8.031   245.8358      2.261    26.9103    26.9103      22.55  1026.5096    26.5001  0.000e+00
      2.129    26.9103    39.9755    26.5002     5.5405    6.36002    6.37601     86.896     0.4933     0.2960 1.0000e-12    95.6970     0.1759      8.031   246.4417      2.143    26.9098    26.9098      22.55  1026.5094    26.5004  0.000e+00
      2.191    26.9101    39.9754    26.5001     5.5447    6.36004    6.37604     86.961     0.4933     0.2960 1.0000e-12    95.6970     0.1759      8.031   245.8358      2.206    26.9096    26.9096      22.55  1026.5096    26.5003  0.000e+00
      2.129    26.9098    39.9753    26.5002     5.5450    6.36008    6.37608     86.965     0.4933     0.2899 1.0000e-12    95.6970     0.1759      8.031   246.4417      2.143    26.9093    26.9093      22.55  1026.5093    26.5004  0.000e+00
