Data/files/RVJanan08003.cnv
* Sea-Bird SBE 9 Data File:
* FileName = C:\CruiseData\CTD911\RVJanan080\Hex\RVJanan08003.hex
* Software Version Seasave V 7.26.7.121
* Temperature SN = 5958
* Conductivity SN = 3674
* Number of Bytes Per Scan = 37
* Number of Voltage Words = 4
* Number of Scans Averaged by the Deck Unit = 1
* NMEA Latitude = 25 30.57 N
* NMEA Longitude = 052 30.22 E
* NMEA UTC (Time) = Dec 09 2019  14:26:33
* NMEA baud rate = 4800
** Ship: R/V JANAN
** Cruise: NPRP10Restore02-Dec19
** Station: Maydan Mahzen Reef
** Bottom Depth [m]: 25
** Operator: MD
# nquan = 22
# nvalues = 6035                                  
# units = specified
# name 0 = depSM: Depth [salt water, m]
# name 1 = t090C: Temperature [ITS-90, deg C]
# name 2 = sal00: Salinity, Practical [PSU]
# name 3 = sigma-t00: Density [sigma-t, kg/m^3 ]
# name 4 = sbeox0Mg/L: Oxygen, SBE 43 [mg/l]
# name 5 = oxsatMg/L: Oxygen Saturation, Weiss [mg/l]
# name 6 = oxsolMg/L: Oxygen Saturation, Garcia & Gordon [mg/l]
# name 7 = sbeox0PS: Oxygen, SBE 43 [% saturation]
# name 8 = flECO-AFL: Fluorescence, WET Labs ECO-AFL/FL [mg/m^3]
# name 9 = turbWETntu0: Turbidity, WET Labs ECO [NTU]
# name 10 = par: PAR/Irradiance, Biospherical/Licor
# name 11 = xmiss: Beam Transmission, Chelsea/Seatech [%]
# name 12 = bat: Beam Attenuation, Chelsea/Seatech [1/m]
# name 13 = ph: pH
# name 14 = orp: Oxidation Reduction Potential [mV]
# name 15 = prDM: Pressure, Digiquartz [db]
# name 16 = potemp090C: Potential Temperature [ITS-90, deg C]
# name 17 = pta090C: Potential Temperature Anomaly [ITS-90, deg C], a0 = 0, a1 = 0
# name 18 = ptempC: Pressure Temperature [deg C]
# name 19 = density00: Density [density, kg/m^3]
# name 20 = sigma-é00: Density [sigma-theta, kg/m^3]
# name 21 = flag:  0.000e+00
# span 0 =     -2.287,     20.784                 
# span 1 =    26.2849,    26.8432                 
# span 2 =     3.2446,    40.9653                 
# span 3 =    -0.9601,    27.2738                 
# span 4 =     5.3149,     7.6187                 
# span 5 =    6.33285,    7.85008                 
# span 6 =    6.34865,    7.87034                 
# span 7 =     77.981,     98.031                 
# span 8 =    -0.0439,     1.1771                 
# span 9 =     0.2960,     6.4377                 
# span 10 = 1.0000e-12, 1.0000e-12                
# span 11 =    74.5873,    99.3235                
# span 12 =     0.0272,     1.1728                
# span 13 =      8.022,      8.046                
# span 14 =   223.4144,   233.1101                
# span 15 =     -2.302,     20.921                
# span 16 =    26.2849,    26.8403                
# span 17 =    26.2849,    26.8403                
# span 18 =      24.85,      24.90                
# span 19 =   999.0405,  1027.3628                
# span 20 =    -0.9601,    27.2754                
# span 21 = 0.0000e+00, 0.0000e+00                
# interval = seconds: 0.0416667
# start_time = Dec 09 2019 14:26:33 [NMEA time, header]
# bad_flag = -9.990e-29
*END*
[from data line 5729]
      0.077    26.5101     4.1188    -0.2599     7.2959    7.83482    7.85505     92.881     0.8718     6.2545 1.0000e-12    75.2098     1.1396      8.032   231.8981      0.077    26.5101    26.5101      24.89   999.7404    -0.2599  0.000e+00
      0.077    26.5144     4.6103     0.1066     7.2606    7.81256    7.83279     92.695     0.8718     6.2545 1.0000e-12    75.2098     1.1396      8.032   231.8981      0.077    26.5144    26.5144      24.89  1000.1069     0.1066  0.000e+00
      0.077    26.5179     5.5467     0.8059     7.2118    7.77098    7.79121     92.564     0.8718     6.2545 1.0000e-12    75.2098     1.1396      8.028   231.8981      0.077    26.5179    26.5179      24.89  1000.8063     0.8059  0.000e+00
      0.022    26.5211     6.9365     1.8438     7.1494    7.70995    7.73017     92.487     0.8718     6.2606 1.0000e-12    75.2098     1.1396      8.032   231.8981      0.022    26.5211    26.5211      24.89  1001.8439     1.8438  0.000e+00
      0.139    26.5239     8.9097     3.3172     7.0500    7.62437    7.64454     92.222     0.8718     6.2606 1.0000e-12    75.2098     1.1396      8.032   231.8981      0.140    26.5238    26.5238      24.89  1003.3178     3.3172  0.000e+00
      0.022    26.5267     7.3076     2.1196     7.0969    7.69309    7.71330     92.008     0.8718     6.2545 1.0000e-12    75.2098     1.1396      8.032   231.8981      0.022    26.5267    26.5267      24.89  1002.1197     2.1196  0.000e+00
      0.077    26.5362    17.7577     9.9246     6.6703    7.25219    7.27180     91.728     0.8718     6.2545 1.0000e-12    75.2098     1.1396      8.032   231.8981      0.078    26.5362    26.5362      24.89  1009.9250     9.9246  0.000e+00
      0.132    26.5548    22.8149    13.7041     6.4602    7.04631    7.06535     91.435     0.8718     6.2606 1.0000e-12    75.2098     1.1396      8.032   231.8981      0.133    26.5548    26.5548      24.89  1013.7047    13.7041  0.000e+00
      0.022    26.5726    23.2592    14.0316     6.4207    7.02655    7.04554     91.132     0.8718     6.2545 1.0000e-12    75.2098     1.1396      8.028   231.8981      0.022    26.5726    26.5726      24.89  1014.0317    14.0316  0.000e+00
      0.132    26.5956    23.4054    14.1342     6.3868    7.01800    7.03697     90.760     0.8718     6.2545 1.0000e-12    75.2098     1.1396      8.032   231.8981      0.133    26.5956    26.5956      24.89  1014.1348    14.1342  0.000e+00
      0.140    26.6123    23.1818    13.9617     6.3751    7.02482    7.04382     90.506     0.8718     6.2545 1.0000e-12    77.8891     0.9995      8.032   231.8981      0.140    26.6123    26.6123      24.89  1013.9623    13.9617  0.000e+00
      0.077    26.6208    24.2327    14.7466     6.3093    6.98239    7.00124     90.117     0.7619     5.7966 1.0000e-12    92.6929     0.3035      8.032   231.8981      0.078    26.6208    26.6208      24.89  1014.7469    14.7466  0.000e+00
      0.077    26.6252    24.6673    15.0710     6.2659    6.96481    6.98361     89.723     0.2003     3.5073 1.0000e-12    99.0258     0.0392      8.032   231.8981      0.078    26.6251    26.6251      24.89  1015.0714    15.0710  0.000e+00
      0.140    26.6278    25.9520    16.0336     6.1923    6.91433    6.93294     89.318    -0.0195     2.5366 1.0000e-12    99.3235     0.0272      8.028   232.5041      0.140    26.6277    26.6277      24.89  1016.0342    16.0336  0.000e+00
      0.077    26.6292    29.6542    18.8126     6.0362    6.77159    6.78963     88.903    -0.0195     2.4816 1.0000e-12    98.7010     0.0523      8.032   231.8981      0.078    26.6292    26.6292      24.89  1018.8129    18.8126  0.000e+00
      0.140    26.6302    15.8298     8.4559     6.4895    7.31933    7.33912     88.423    -0.0073     2.5671 1.0000e-12    98.4845     0.0611      8.032   231.8981      0.140    26.6301    26.6301      24.89  1008.4565     8.4559  0.000e+00
      0.077    26.6314    31.7188    20.3643     5.9049    6.69312    6.71079     87.991     0.0049     2.6098 1.0000e-12    98.4845     0.0611      8.032   231.8981      0.078    26.6314    26.6314      24.89  1020.3646    20.3643  0.000e+00
      0.077    26.6320    40.5080    26.9929     5.5952    6.37006    6.38598     87.617     0.0049     2.6098 1.0000e-12    98.5116     0.0600      8.028   232.5041      0.078    26.6320    26.6320      24.89  1026.9932    26.9929  0.000e+00
      0.140    26.6328    40.5765    27.0444     5.5649    6.36752    6.38344     87.177     0.0049     2.6037 1.0000e-12    98.5116     0.0600      8.028   232.5041      0.141    26.6327    26.6327      24.89  1027.0450    27.0445  0.000e+00
      0.077    26.6337    40.5815    27.0479     5.5403    6.36725    6.38316     86.796     0.0049     2.6037 1.0000e-12    98.5116     0.0600      8.028   232.5041      0.078    26.6337    26.6337      24.89  1027.0483    27.0479  0.000e+00
      0.140    26.6346    40.5838    27.0494     5.5156    6.36706    6.38298     86.411     0.0049     2.6098 1.0000e-12    98.5116     0.0600      8.028   232.5041      0.141    26.6346    26.6346      24.89  1027.0500    27.0494  0.000e+00
      0.077    26.6357    40.5699    27.0385     5.4911    6.36745    6.38336     86.023     0.0049     2.6098 1.0000e-12    98.5116     0.0600      8.028   232.5041      0.078    26.6357    26.6357      24.89  1027.0388    27.0385  0.000e+00
      0.077    26.6363    40.3865    26.8996     5.4721    6.37396    6.38992     85.637     0.0049     2.6037 1.0000e-12    98.5116     0.0600      8.028   232.5041      0.078    26.6363    26.6363      24.89  1026.8999    26.8996  0.000e+00
      0.023    26.6372    39.5254    26.2484     5.4819    6.40482    6.42096     85.375     0.0049     2.6098 1.0000e-12    98.5116     0.0600      8.028   232.5041      0.023    26.6372    26.6372      24.89  1026.2485    26.2484  0.000e+00
      0.140    26.6381    34.8710    22.7356     5.6025    6.57470    6.59179     84.992     0.0049     2.6098 1.0000e-12    98.5116     0.0600      8.028   232.5041      0.141    26.6381    26.6381      24.89  1022.7362    22.7356  0.000e+00
      0.077    26.6391    27.6462    17.3014     5.8175    6.84740    6.86576     84.731     0.0049     2.6037 1.0000e-12    98.5116     0.0600      8.028   232.5041      0.078    26.6391    26.6391      24.89  1017.3018    17.3014  0.000e+00
      0.077    26.6400    23.6069    14.2718     5.9292    7.00472    7.02366     84.418     0.0049     2.6037 1.0000e-12    98.5116     0.0600      8.028   232.5041      0.078    26.6400    26.6400      24.89  1014.2721    14.2718  0.000e+00
      0.077    26.6410    22.4082    13.3736     5.9563    7.05201    7.07111     84.235     0.0049     2.6037 1.0000e-12    98.5116     0.0600      8.032   232.5041      0.078    26.6409    26.6409      24.89  1013.3739    13.3736  0.000e+00
      0.077    26.6417    22.2358    13.2442     5.9493    7.05877    7.07789     84.055     0.0049     2.6037 1.0000e-12    98.5116     0.0600      8.032   232.5041      0.078    26.6417    26.6417      24.89  1013.2445    13.2442  0.000e+00
      0.140    26.6426    22.3556    13.3336     5.9332    7.05390    7.07300     83.885     0.0049     2.6037 1.0000e-12    98.5116     0.0600      8.028   232.5041      0.141    26.6426    26.6426      24.89  1013.3342    13.3336  0.000e+00
      0.077    26.6435    22.5200    13.4565     5.9210    7.04726    7.06635     83.791     0.0049     2.6098 1.0000e-12    98.5116     0.0600      8.028   232.5041      0.078    26.6435    26.6435      24.89  1013.4568    13.4565  0.000e+00
      0.023    26.6445    22.9791    13.8001     5.8907    7.02896    7.04799     83.580     0.0049     2.6037 1.0000e-12    98.4033     0.0644      8.028   232.5041      0.023    26.6445    26.6445      24.89  1013.8002    13.8001  0.000e+00
      0.077    26.6452     3.6613    -0.6397     6.5651    7.83601    7.85627     83.565     0.0049     2.6098 1.0000e-12    98.3763     0.0655      8.028   232.5041      0.078    26.6452    26.6452      24.89   999.3606    -0.6397  0.000e+00
      0.077    26.6463    23.3207    14.0554     5.8691    7.01524    7.03422     83.436     0.0049     2.6037 1.0000e-12    98.3492     0.0666      8.028   232.5041      0.078    26.6463    26.6463      24.89  1014.0558    14.0554  0.000e+00
      0.077    26.6475    33.5010    21.7006     5.5379    6.62454    6.64190     83.379     0.0049     2.6037 1.0000e-12    98.3492     0.0666      8.028   233.1101      0.078    26.6475    26.6475      24.89  1021.7010    21.7006  0.000e+00
      0.077    26.6486    28.7670    18.1401     5.6888    6.80326    6.82144     83.395     0.0049     2.6098 1.0000e-12    98.3763     0.0655      8.027   232.5041      0.078    26.6485    26.6485      24.89  1018.1404    18.1401  0.000e+00
      0.077    26.6514    25.8295    15.9345     5.7769    6.91632    6.93495     83.301     0.0049     2.6098 1.0000e-12    98.3763     0.0655      8.027   232.5041      0.078    26.6513    26.6513      24.89  1015.9348    15.9345  0.000e+00
      0.132    26.6568    24.9473    15.2713     5.8036    6.95008    6.96884     83.280     0.0049     2.6037 1.0000e-12    98.3763     0.0655      8.027   232.5041      0.133    26.6568    26.6568      24.89  1015.2719    15.2713  0.000e+00
      0.140    26.6686    11.1167     4.9243     6.2713    7.51097    7.53108     83.272     0.0049     2.5121 1.0000e-12    98.3763     0.0655      8.027   232.5041      0.141    26.6686    26.6686      24.89  1004.9249     4.9243  0.000e+00
      0.077    26.6830    21.8976    12.9786     5.9055    7.06720    7.08636     83.335    -0.0195     1.2972 1.0000e-12    98.3763     0.0655      8.027   233.1101      0.078    26.6829    26.6829      24.89  1012.9789    12.9786  0.000e+00
      0.140    26.6947    37.2386    24.5031     5.4166    6.48161    6.49822     83.355    -0.0195     0.6562 1.0000e-12    98.3763     0.0655      8.027   233.1101      0.141    26.6946    26.6946      24.89  1024.5037    24.5031  0.000e+00
      0.077    26.7021    40.5874    27.0302     5.3164    6.35988    6.37578     83.384    -0.0195     0.5830 1.0000e-12    98.3763     0.0655      8.027   233.1101      0.078    26.7021    26.7021      24.89  1027.0305    27.0302  0.000e+00
      0.077    26.7071    40.5831    27.0253     5.3149    6.35951    6.37541     83.366    -0.0195     0.6318 1.0000e-12    98.3763     0.0655      8.027   232.5041      0.078    26.7071    26.7071      24.89  1027.0257    27.0253  0.000e+00
      0.077    26.7116    40.5794    27.0212     5.3183    6.35917    6.37507     83.423    -0.0195     0.6501 1.0000e-12    98.3763     0.0655      8.027   233.1101      0.078    26.7116    26.7116      24.89  1027.0215    27.0212  0.000e+00
      0.023    26.7170    40.5744    27.0156     5.3265    6.35879    6.37468     83.557    -0.0195     0.6562 1.0000e-12    98.3763     0.0655      8.027   233.1101      0.023    26.7170    26.7170      24.89  1027.0157    27.0156  0.000e+00
      0.077    26.7222    40.5728    27.0127     5.3316    6.35830    6.37420     83.644    -0.0073     0.6562 1.0000e-12    98.3763     0.0655      8.027   232.5041      0.078    26.7222    26.7222      24.89  1027.0131    27.0127  0.000e+00
      0.077    26.7269    40.5726    27.0110     5.3335    6.35782    6.37372     83.679    -0.0195     0.6501 1.0000e-12    98.3763     0.0655      8.027   232.5041      0.078    26.7269    26.7269      24.89  1027.0114    27.0110  0.000e+00
      0.077    26.7302    40.5706    27.0084     5.3401    6.35754    6.37344     83.787    -0.0195     0.6501 1.0000e-12    98.3763     0.0655      8.027   232.5041      0.078    26.7302    26.7302      24.89  1027.0088    27.0084  0.000e+00
     -0.212    26.7330    40.5679    27.0055     5.3511    6.35735    6.37325     83.961    -0.0195     0.6501 1.0000e-12    98.3763     0.0655      8.027   233.1101     -0.213    26.7330    26.7330      24.89  1027.0046    27.0055  0.000e+00
      0.140    26.7345    40.5659    27.0035     5.3552    6.35727    6.37316     84.028    -0.0195     0.6501 1.0000e-12    98.3492     0.0666      8.027   233.1101      0.141    26.7345    26.7345      24.89  1027.0041    27.0035  0.000e+00
      0.077    26.7356    40.5549    26.9948     5.3635    6.35754    6.37344     84.154    -0.0195     0.6501 1.0000e-12    98.3492     0.0666      8.027   232.5041      0.078    26.7356    26.7356      24.89  1026.9951    26.9948  0.000e+00
      0.312    26.7358    40.5141    26.9639     5.3693    6.35898    6.37489     84.226    -0.0195     0.6501 1.0000e-12    97.5373     0.0997      8.027   233.1101      0.314    26.7357    26.7357      24.89  1026.9652    26.9639  0.000e+00
      0.195    26.7362    40.5012    26.9540     5.3745    6.35940    6.37532     84.301    -0.0195     0.6562 1.0000e-12    96.8607     0.1276      8.027   233.1101      0.196    26.7361    26.7361      24.89  1026.9548    26.9540  0.000e+00
     -0.094    26.7363    40.5019    26.9545     5.3749    6.35936    6.37527     84.309    -0.0195     0.6562 1.0000e-12    96.7254     0.1332      8.027   233.1101     -0.095    26.7364    26.7364      24.89  1026.9541    26.9545  0.000e+00
      0.312    26.7363    40.5408    26.9839     5.3785    6.35797    6.37388     84.383    -0.0195     0.6501 1.0000e-12    96.7795     0.1309      8.027   233.1101      0.314    26.7363    26.7363      24.89  1026.9852    26.9839  0.000e+00
      0.195    26.7368    40.5293    26.9751     5.3790    6.35834    6.37424     84.387    -0.0195     0.6501 1.0000e-12    96.8066     0.1298      8.027   233.1101      0.196    26.7367    26.7367      24.89  1026.9760    26.9751  0.000e+00
     -0.040    26.7369    40.5071    26.9583     5.3835    6.35911    6.37503     84.446    -0.0195     0.6501 1.0000e-12    96.8066     0.1298      8.027   233.1101     -0.040    26.7369    26.7369      24.89  1026.9581    26.9583  0.000e+00
      0.023    26.7369    40.4983    26.9516     5.3835    6.35943    6.37534     84.442    -0.0195     0.6501 1.0000e-12    96.8066     0.1298      8.027   232.5041      0.023    26.7369    26.7369      24.89  1026.9517    26.9516  0.000e+00
      0.132    26.7375    40.4968    26.9503     5.3866    6.35942    6.37534     84.492    -0.0195     0.6562 1.0000e-12    96.8066     0.1298      8.027   233.1101      0.133    26.7375    26.7375      24.89  1026.9509    26.9503  0.000e+00
      0.023    26.7384    40.5234    26.9701     5.3887    6.35838    6.37428     84.537    -0.0195     0.6501 1.0000e-12    96.8066     0.1298      8.027   233.1101      0.023    26.7384    26.7384      24.89  1026.9702    26.9701  0.000e+00
     -0.040    26.7393    40.5456    26.9866     5.3904    6.35749    6.37339     84.577    -0.0195     0.6440 1.0000e-12    96.8066     0.1298      8.027   233.1101     -0.040    26.7393    26.7393      24.89  1026.9864    26.9866  0.000e+00
      0.140    26.7401    40.5510    26.9904     5.3963    6.35722    6.37312     84.673    -0.0195     0.6501 1.0000e-12    96.8066     0.1298      8.027   232.5041      0.141    26.7401    26.7401      24.89  1026.9910    26.9904  0.000e+00
      0.132    26.7406    40.5549    26.9932     5.4018    6.35702    6.37292     84.762    -0.0195     0.6501 1.0000e-12    96.8066     0.1298      8.027   233.1101      0.133    26.7406    26.7406      24.89  1026.9937    26.9932  0.000e+00
     -0.040    26.7408    40.5580    26.9955     5.4108    6.35689    6.37279     84.905    -0.0195     0.6501 1.0000e-12    96.8066     0.1298      8.027   232.5041     -0.040    26.7408    26.7408      24.89  1026.9953    26.9955  0.000e+00
      0.140    26.7408    40.5580    26.9955     5.4277    6.35689    6.37279     85.171    -0.0195     0.6562 1.0000e-12    96.8066     0.1298      8.027   233.1101      0.141    26.7408    26.7408      24.89  1026.9961    26.9955  0.000e+00
