Data/files/RVJanan07503.cnv
* Sea-Bird SBE 9 Data File:
* FileName = C:\CruiseData\CTD911\RVJanan075\RVJanan07503.hex
* Software Version Seasave V 7.26.7.121
* Temperature SN = 5398
* Conductivity SN = 3798
* Number of Bytes Per Scan = 37
* Number of Voltage Words = 4
* Number of Scans Averaged by the Deck Unit = 1
* NMEA Latitude = 25 42.32 N
* NMEA Longitude = 052 36.98 E
* NMEA UTC (Time) = Sep 06 2019  04:48:08
* NMEA baud rate = 4800
** Ship: R/V JANAN
** Cruise: NPRP10Restore01-Sep19
** Station: FashtEHalul
** Bottom Depth [m]: 45
** Operator: MD
** 2nd cast
# nquan = 22
# nvalues = 44                          
# units = specified
# name 0 = depSM: Depth [salt water, m]
# name 1 = t090C: Temperature [ITS-90, deg C]
# name 2 = sal00: Salinity, Practical [PSU]
# name 3 = sigma-t00: Density [sigma-t, kg/m^3 ]
# name 4 = sbeox0Mg/L: Oxygen, SBE 43 [mg/l]
# name 5 = oxsatMg/L: Oxygen Saturation, Weiss [mg/l]
# name 6 = oxsolMg/L: Oxygen Saturation, Garcia & Gordon [mg/l]
# name 7 = sbeox0PS: Oxygen, SBE 43 [% saturation]
# name 8 = flECO-AFL: Fluorescence, WET Labs ECO-AFL/FL [mg/m^3]
# name 9 = turbWETntu0: Turbidity, WET Labs ECO [NTU]
# name 10 = par: PAR/Irradiance, Biospherical/Licor
# name 11 = xmiss: Beam Transmission, Chelsea/Seatech [%]
# name 12 = bat: Beam Attenuation, Chelsea/Seatech [1/m]
# name 13 = ph: pH
# name 14 = orp: Oxidation Reduction Potential [mV]
# name 15 = prDM: Pressure, Digiquartz [db]
# name 16 = potemp090C: Potential Temperature [ITS-90, deg C]
# name 17 = pta090C: Potential Temperature Anomaly [ITS-90, deg C], a0 = 0, a1 = 0
# name 18 = ptempC: Pressure Temperature [deg C]
# name 19 = density00: Density [density, kg/m^3]
# name 20 = sigma-é00: Density [sigma-theta, kg/m^3]
# name 21 = flag: flag
# span 0 =      1.000,     44.000       
# span 1 =    30.3193,    34.7536       
# span 2 =    39.2358,    40.6658       
# span 3 =    23.2555,    25.8696       
# span 4 =     2.2265,     6.0013       
# span 5 =    5.62870,    5.99965       
# span 6 =    5.63590,    6.01352       
# span 7 =     37.049,    106.343       
# span 8 =     0.1014,     3.4316       
# span 9 =     0.2316,     1.2731       
# span 10 = 1.0000e-12, 1.0000e-12      
# span 11 =    84.5990,   100.3046      
# span 12 =    -0.0122,     0.6654      
# span 13 =      7.981,      8.276      
# span 14 =   157.2153,   167.1109      
# span 15 =      1.007,     44.292      
# span 16 =    30.3083,    34.7503      
# span 17 =    30.3083,    34.7503      
# span 18 =      35.56,      35.71      
# span 19 =  1023.2597,  1026.0531      
# span 20 =    23.2556,    25.8735      
# span 21 = 0.0000e+00, 0.0000e+00      
# interval = meters: 1                  
# start_time = Sep 06 2019 04:48:08 [NMEA time, header]
# bad_flag = -9.990e-29
*END*
      1.000    34.5601    39.2367    23.2555     5.8889    5.66906    5.67691    103.734     0.1014     0.3917 1.0000e-12   100.2701    -0.0108      8.271   157.2153      1.007    34.5598    34.5598      35.56  1023.2597    23.2556 0.0000e+00
      2.000    34.5458    39.2361    23.2604     5.8988    5.67027    5.67815    103.886     0.1039     0.2425 1.0000e-12   100.3046    -0.0122      8.273   157.5960      2.013    34.5453    34.5453      35.56  1023.2689    23.2606 0.0000e+00
      3.000    34.5321    39.2358    23.2654     5.9116    5.67143    5.67934    104.090     0.1051     0.2447 1.0000e-12   100.1318    -0.0053      8.276   158.0677      3.020    34.5312    34.5312      35.57  1023.2781    23.2657 0.0000e+00
      4.000    34.5276    39.2371    23.2680     5.9197    5.67177    5.67969    104.225     0.1185     0.2473 1.0000e-12    99.9705     0.0012      8.275   158.5412      4.026    34.5265    34.5265      35.57  1023.2850    23.2685 0.0000e+00
      5.000    34.5226    39.2379    23.2705     5.9293    5.67217    5.68010    104.387     0.1154     0.2329 1.0000e-12    99.8797     0.0048      8.275   158.9233      5.033    34.5212    34.5212      35.57  1023.2918    23.2710 0.0000e+00
      6.000    34.5181    39.2383    23.2725     5.9321    5.67253    5.68047    104.430     0.1324     0.2457 1.0000e-12   100.0613    -0.0025      8.275   159.1895      6.039    34.5164    34.5164      35.57  1023.2980    23.2732 0.0000e+00
      7.000    34.5147    39.2399    23.2750     5.9467    5.67277    5.68071    104.683     0.1483     0.2498 1.0000e-12   100.0927    -0.0037      8.275   159.6261      7.046    34.5128    34.5128      35.58  1023.3048    23.2758 0.0000e+00
      8.000    34.5217    39.2587    23.2864     5.9418    5.67162    5.67954    104.618     0.1417     0.2406 1.0000e-12   100.1290    -0.0052      8.275   159.9777      8.052    34.5194    34.5194      35.58  1023.3204    23.2873 0.0000e+00
      9.000    34.5252    39.2848    23.3046     5.9711    5.67054    5.67845    105.154     0.1637     0.2445 1.0000e-12   100.1800    -0.0072      8.272   160.4143      9.059    34.5226    34.5226      35.59  1023.3429    23.3056 0.0000e+00
     10.000    34.5882    39.4303    23.3895     5.9493    5.66088    5.66862    104.952     0.1757     0.2316 1.0000e-12   100.2474    -0.0099      8.269   160.7288     10.065    34.5854    34.5854      35.59  1023.4319    23.3905 0.0000e+00
     11.000    34.7493    39.8869    23.6696     5.8834    5.63376    5.64102    104.298     0.2022     0.2410 1.0000e-12    99.9815     0.0007      8.261   161.1982     11.072    34.7462    34.7462      35.59  1023.7163    23.6707 0.0000e+00
     12.000    34.7536    40.0437    23.7850     5.9699    5.62870    5.63590    105.926     0.2756     0.2370 1.0000e-12    99.4945     0.0203      8.256   161.6050     12.079    34.7503    34.7503      35.60  1023.8360    23.7863 0.0000e+00
     13.000    34.6541    40.0786    23.8488     6.0013    5.63592    5.64332    106.343     0.3189     0.2448 1.0000e-12    99.2346     0.0307      8.252   162.0798     13.085    34.6505    34.6505      35.60  1023.9040    23.8502 0.0000e+00
     14.000    34.5898    40.1134    23.8992     5.9703    5.64023    5.64776    105.711     0.3723     0.2544 1.0000e-12    99.1485     0.0342      8.246   162.4472     14.092    34.5859    34.5859      35.60  1023.9586    23.9007 0.0000e+00
     15.000    34.4449    40.1382    23.9725     5.8603    5.65157    5.65940    103.550     0.4180     0.2697 1.0000e-12    98.9937     0.0404      8.241   162.8216     15.098    34.4407    34.4407      35.60  1024.0362    23.9741 0.0000e+00
     16.000    34.4026    40.1791    24.0190     5.7513    5.65387    5.66177    101.581     0.4583     0.2713 1.0000e-12    98.8562     0.0461      8.234   163.2188     16.105    34.3981    34.3981      35.61  1024.0870    24.0207 0.0000e+00
     17.000    34.4047    40.1815    24.0201     5.6841    5.65362    5.66152    100.399     0.5200     0.2677 1.0000e-12    98.8140     0.0477      8.229   163.4448     17.112    34.3999    34.3999      35.61  1024.0922    24.0219 0.0000e+00
     18.000    34.3175    40.2049    24.0704     5.6570    5.66022    5.66829     99.801     0.5520     0.2766 1.0000e-12    98.4690     0.0617      8.225   163.8084     18.118    34.3124    34.3124      35.61  1024.1468    24.0723 0.0000e+00
     19.000    34.1823    40.2115    24.1263     5.5557    5.67136    5.67970     97.817     0.6551     0.2841 1.0000e-12    98.0230     0.0799      8.220   164.0325     19.125    34.1771    34.1771      35.61  1024.2069    24.1283 0.0000e+00
     20.000    34.0587    40.2448    24.1975     5.4660    5.68077    5.68934     96.074     0.7057     0.2973 1.0000e-12    98.0528     0.0787      8.214   164.2043     20.131    34.0532    34.0532      35.62  1024.2825    24.1996 0.0000e+00
     21.000    33.8175    40.2819    24.3156     5.3031    5.70007    5.70910     92.891     0.6969     0.3011 1.0000e-12    98.1360     0.0753      8.205   164.6353     21.138    33.8117    33.8117      35.62  1024.4048    24.3177 0.0000e+00
     22.000    33.5968    40.2941    24.4071     5.0606    5.71848    5.72791     88.349     0.9303     0.3217 1.0000e-12    94.8896     0.2132      8.192   165.1667     22.145    33.5907    33.5907      35.62  1024.5005    24.4093 0.0000e+00
     23.000    33.4548    40.2685    24.4407     5.0038    5.73141    5.74111     87.157     3.4316     0.5882 1.0000e-12    90.1355     0.4153      8.185   165.2423     23.151    33.4485    33.4485      35.62  1024.5384    24.4430 0.0000e+00
     24.000    33.4394    40.2866    24.4599     4.9415    5.73218    5.74190     86.061     2.6192     0.4960 1.0000e-12    94.2468     0.2374      8.179   165.4355     24.158    33.4328    33.4328      35.62  1024.5619    24.4623 0.0000e+00
     25.000    33.4568    40.3234    24.4810     4.8010    5.72956    5.73924     83.652     1.4140     0.3673 1.0000e-12    97.5077     0.1010      8.172   165.7747     25.165    33.4499    33.4499      35.63  1024.5872    24.4835 0.0000e+00
     26.000    33.5130    40.4069    24.5226     4.6346    5.72219    5.73174     80.857     0.8566     0.3134 1.0000e-12    98.5163     0.0598      8.163   165.8440     26.171    33.5058    33.5058      35.63  1024.6331    24.5253 0.0000e+00
     27.000    33.5328    40.4347    24.5360     4.3629    5.71964    5.72915     76.152     0.7626     0.3073 1.0000e-12    98.6184     0.0557      8.150   166.0148     27.178    33.5254    33.5254      35.63  1024.6507    24.5388 0.0000e+00
     28.000    33.5260    40.4571    24.5554     4.2049    5.71953    5.72905     73.397     0.6930     0.2957 1.0000e-12    98.7872     0.0488      8.139   166.3610     28.185    33.5183    33.5183      35.63  1024.6744    24.5582 0.0000e+00
     29.000    33.4766    40.4625    24.5778     4.1046    5.72359    5.73320     71.594     0.7043     0.2836 1.0000e-12    98.8688     0.0455      8.135   166.4031     29.191    33.4687    33.4687      35.64  1024.7010    24.5807 0.0000e+00
     30.000    33.2181    40.4394    24.6562     3.8993    5.74652    5.75659     67.738     0.5835     0.2913 1.0000e-12    99.5832     0.0167      8.126   166.4424     30.198    33.2100    33.2100      35.64  1024.7837    24.6592 0.0000e+00
     31.000    32.8118    40.4664    24.8262     3.6348    5.78090    5.79163     62.758     0.3918     0.2766 1.0000e-12   100.1251    -0.0050      8.113   166.4934     31.205    32.8034    32.8034      35.65  1024.9580    24.8293 0.0000e+00
     32.000    32.5953    40.4888    24.9223     3.4460    5.79914    5.81021     59.310     0.3177     0.2755 1.0000e-12   100.1192    -0.0048      8.098   166.8188     32.211    32.5867    32.5867      35.65  1025.0584    24.9254 0.0000e+00
     33.000    32.4619    40.5004    24.9797     3.2858    5.81050    5.82177     56.440     0.3102     0.2731 1.0000e-12    99.8910     0.0043      8.086   167.0061     33.218    32.4530    32.4530      35.65  1025.1201    24.9829 0.0000e+00
     34.000    32.2905    40.5174    25.0548     3.1946    5.82509    5.83661     54.735     0.3182     0.3056 1.0000e-12    99.5221     0.0192      8.077   167.0466     34.225    32.2815    32.2815      35.65  1025.1995    25.0581 0.0000e+00
     35.000    32.0736    40.5479    25.1564     3.0767    5.84337    5.85519     52.546     0.3545     0.3139 1.0000e-12    99.5096     0.0197      8.068   167.0586     35.231    32.0643    32.0643      35.66  1025.3054    25.1598 0.0000e+00
     36.000    31.9295    40.5846    25.2360     2.9135    5.85507    5.86708     49.660     0.3188     0.3012 1.0000e-12    99.4433     0.0223      8.056   167.0580     36.238    31.9200    31.9200      35.66  1025.3892    25.2394 0.0000e+00
     37.000    31.5950    40.6164    25.3804     2.7759    5.88406    5.89651     47.076     0.3539     0.3137 1.0000e-12    98.3560     0.0663      8.047   167.0825     37.245    31.5853    31.5853      35.66  1025.5380    25.3839 0.0000e+00
     38.000    31.3741    40.6377    25.4754     2.6803    5.90337    5.91609     45.307     0.3546     0.3608 1.0000e-12    97.0088     0.1215      8.038   167.0815     38.251    31.3641    31.3641      35.66  1025.6373    25.4790 0.0000e+00
     39.000    31.1952    40.6512    25.5495     2.5616    5.91919    5.93213     43.182     0.3350     0.3765 1.0000e-12    96.1372     0.1576      8.029   167.0706     39.258    31.1851    31.1851      35.66  1025.7156    25.5531 0.0000e+00
     40.000    31.1212    40.6576    25.5806     2.4861    5.92575    5.93877     41.862     0.3050     0.4476 1.0000e-12    95.3868     0.1889      8.021   167.1109     40.265    31.1108    31.1108      35.67  1025.7511    25.5843 0.0000e+00
     41.000    31.0462    40.6570    25.6068     2.4363    5.93263    5.94573     40.976     0.3193     0.4595 1.0000e-12    95.0830     0.2017      8.015   167.0793     41.272    31.0356    31.0356      35.67  1025.7815    25.6106 0.0000e+00
     42.000    30.8652    40.6483    25.6644     2.4159    5.94957    5.96288     40.515     0.3155     0.4928 1.0000e-12    94.7151     0.2172      8.013   167.0675     42.278    30.8543    30.8543      35.67  1025.8434    25.6682 0.0000e+00
     43.000    30.3193    40.6658    25.8696     2.3996    5.99965    6.01352     39.904     0.2979     0.6500 1.0000e-12    89.8980     0.4267      8.010   167.0643     43.285    30.3083    30.3083      35.67  1026.0531    25.8735 0.0000e+00
     44.000    30.3551    40.6599    25.8524     2.2265    5.99661    6.01044     37.049     0.2645     1.2731 1.0000e-12    84.5990     0.6654      7.981   166.6909     44.292    30.3439    30.3439      35.71  1026.0401    25.8563 0.0000e+00
