Data/files/RVJanan08002.cnv
* Sea-Bird SBE 9 Data File:
* FileName = C:\CruiseData\CTD911\RVJanan080\Hex\RVJanan08002.hex
* Software Version Seasave V 7.26.7.121
* Temperature SN = 5958
* Conductivity SN = 3674
* Number of Bytes Per Scan = 37
* Number of Voltage Words = 4
* Number of Scans Averaged by the Deck Unit = 1
* NMEA Latitude = 25 29.95 N
* NMEA Longitude = 052 29.34 E
* NMEA UTC (Time) = Dec 09 2019  06:04:27
* NMEA baud rate = 4800
** Ship: R/V JANAN
** Cruise: NPRP10Restore02-Dec19
** Station: Maydan Mahzen Reef
** Bottom Depth [m]: 33
** Operator: MD
# nquan = 22
# nvalues = 10445                                 
# units = specified
# name 0 = depSM: Depth [salt water, m]
# name 1 = t090C: Temperature [ITS-90, deg C]
# name 2 = sal00: Salinity, Practical [PSU]
# name 3 = sigma-t00: Density [sigma-t, kg/m^3 ]
# name 4 = sbeox0Mg/L: Oxygen, SBE 43 [mg/l]
# name 5 = oxsatMg/L: Oxygen Saturation, Weiss [mg/l]
# name 6 = oxsolMg/L: Oxygen Saturation, Garcia & Gordon [mg/l]
# name 7 = sbeox0PS: Oxygen, SBE 43 [% saturation]
# name 8 = flECO-AFL: Fluorescence, WET Labs ECO-AFL/FL [mg/m^3]
# name 9 = turbWETntu0: Turbidity, WET Labs ECO [NTU]
# name 10 = par: PAR/Irradiance, Biospherical/Licor
# name 11 = xmiss: Beam Transmission, Chelsea/Seatech [%]
# name 12 = bat: Beam Attenuation, Chelsea/Seatech [1/m]
# name 13 = ph: pH
# name 14 = orp: Oxidation Reduction Potential [mV]
# name 15 = prDM: Pressure, Digiquartz [db]
# name 16 = potemp090C: Potential Temperature [ITS-90, deg C]
# name 17 = pta090C: Potential Temperature Anomaly [ITS-90, deg C], a0 = 0, a1 = 0
# name 18 = ptempC: Pressure Temperature [deg C]
# name 19 = density00: Density [density, kg/m^3]
# name 20 = sigma-é00: Density [sigma-theta, kg/m^3]
# name 21 = flag:  0.000e+00
# span 0 =     -0.138,     33.134                 
# span 1 =    26.1865,    26.9457                 
# span 2 =     3.8519,    41.0016                 
# span 3 =    -0.4686,    27.2646                 
# span 4 =     5.1563,     7.0404                 
# span 5 =    6.31986,    7.88717                 
# span 6 =    6.33562,    7.90731                 
# span 7 =     81.385,     91.473                 
# span 8 =    -0.1172,     0.9573                 
# span 9 =     0.1007,     0.9920                 
# span 10 = 1.0000e-12, 1.0000e-12                
# span 11 =    81.2450,    96.1841                
# span 12 =     0.1556,     0.8308                
# span 13 =      8.040,      8.068                
# span 14 =   241.5939,   249.4716                
# span 15 =     -0.139,     33.352                
# span 16 =    26.1865,    26.9380                
# span 17 =    26.1865,    26.9380                
# span 18 =      24.30,      24.47                
# span 19 =   999.5313,  1027.4054                
# span 20 =    -0.4686,    27.2671                
# span 21 = 0.0000e+00, 0.0000e+00                
# interval = seconds: 0.0416667
# start_time = Dec 09 2019 06:04:27 [NMEA time, header]
# bad_flag = -9.990e-29
*END*
[from data line 4083]
     32.304    26.9423    40.9976    27.2623     5.2089    6.32031    6.33607     82.211     0.4323     0.6318 1.0000e-12    89.7430     0.4329      8.044   246.4417     32.516    26.9347    26.9347      24.37  1027.4009    27.2648  0.000e+00
     32.304    26.9425    40.9976    27.2622     5.2060    6.32028    6.33604     82.164     0.4445     0.6196 1.0000e-12    89.5265     0.4425      8.044   246.4417     32.516    26.9350    26.9350      24.37  1027.4008    27.2647  0.000e+00
     32.280    26.9421    40.9977    27.2624     5.2069    6.32032    6.33608     82.178     0.4445     0.6257 1.0000e-12    89.3100     0.4522      8.044   246.4417     32.493    26.9345    26.9345      24.37  1027.4009    27.2649  0.000e+00
     32.304    26.9423    40.9974    27.2622     5.2078    6.32031    6.33607     82.193     0.4323     0.6196 1.0000e-12    89.2829     0.4534      8.044   246.4417     32.516    26.9347    26.9347      24.37  1027.4008    27.2647  0.000e+00
     32.304    26.9421    40.9974    27.2622     5.2086    6.32033    6.33609     82.206     0.4445     0.6257 1.0000e-12    89.2829     0.4534      8.044   246.4417     32.516    26.9345    26.9345      24.37  1027.4008    27.2647  0.000e+00
     32.304    26.9423    40.9974    27.2621     5.2094    6.32031    6.33607     82.218     0.4445     0.6257 1.0000e-12    89.3100     0.4522      8.044   246.4417     32.516    26.9347    26.9347      24.37  1027.4007    27.2646  0.000e+00
     32.280    26.9421    40.9973    27.2622     5.2142    6.32033    6.33609     82.294     0.4445     0.6257 1.0000e-12    89.2829     0.4534      8.044   246.4417     32.493    26.9345    26.9345      24.37  1027.4007    27.2646  0.000e+00
     32.241    26.9425    40.9970    27.2618     5.2151    6.32031    6.33607     82.307     0.4445     0.6257 1.0000e-12    89.3100     0.4522      8.044   246.4417     32.454    26.9349    26.9349      24.38  1027.4001    27.2643  0.000e+00
     32.358    26.9423    40.9968    27.2617     5.2119    6.32033    6.33609     82.257     0.4445     0.6196 1.0000e-12    89.2829     0.4534      8.044   246.4417     32.572    26.9347    26.9347      24.37  1027.4005    27.2641  0.000e+00
     32.304    26.9420    40.9976    27.2624     5.2125    6.32034    6.33610     82.267     0.4445     0.6196 1.0000e-12    89.3100     0.4522      8.044   246.4417     32.516    26.9344    26.9344      24.37  1027.4010    27.2649  0.000e+00
     32.280    26.9423    40.9969    27.2618     5.2131    6.32033    6.33609     82.276     0.4323     0.6196 1.0000e-12    89.3100     0.4522      8.044   246.4417     32.493    26.9348    26.9348      24.37  1027.4003    27.2643  0.000e+00
     32.304    26.9423    40.9970    27.2619     5.2137    6.32032    6.33608     82.285     0.4445     0.6196 1.0000e-12    89.2829     0.4534      8.044   246.4417     32.516    26.9347    26.9347      24.37  1027.4005    27.2643  0.000e+00
     32.304    26.9420    40.9971    27.2620     5.2143    6.32036    6.33612     82.294     0.4323     0.6257 1.0000e-12    89.3100     0.4522      8.044   246.4417     32.516    26.9344    26.9344      24.37  1027.4007    27.2645  0.000e+00
     32.358    26.9423    40.9973    27.2620     5.2107    6.32031    6.33608     82.239     0.4445     0.6257 1.0000e-12    89.2829     0.4534      8.044   246.4417     32.572    26.9347    26.9347      24.37  1027.4009    27.2645  0.000e+00
     32.280    26.9421    40.9974    27.2622     5.2109    6.32033    6.33609     82.242     0.4445     0.6196 1.0000e-12    89.3100     0.4522      8.044   246.4417     32.493    26.9345    26.9345      24.37  1027.4007    27.2647  0.000e+00
     32.304    26.9423    40.9972    27.2620     5.2114    6.32032    6.33609     82.250     0.4445     0.6745 1.0000e-12    89.3100     0.4522      8.044   246.4417     32.516    26.9347    26.9347      24.37  1027.4006    27.2645  0.000e+00
     32.304    26.9423    40.9971    27.2620     5.2075    6.32032    6.33608     82.189     0.4567     0.7478 1.0000e-12    89.2829     0.4534      8.044   246.4417     32.516    26.9347    26.9347      24.37  1027.4006    27.2644  0.000e+00
     32.304    26.9421    40.9975    27.2623     5.2035    6.32033    6.33609     82.125     0.4567     0.7661 1.0000e-12    89.3100     0.4522      8.044   246.4417     32.516    26.9345    26.9345      24.37  1027.4009    27.2648  0.000e+00
     32.335    26.9423    40.9972    27.2620     5.2073    6.32032    6.33608     82.186     0.4445     0.7661 1.0000e-12    89.2829     0.4534      8.044   246.4417     32.548    26.9347    26.9347      24.37  1027.4007    27.2645  0.000e+00
     32.358    26.9423    40.9974    27.2621     5.2032    6.32031    6.33607     82.120     0.4445     0.7661 1.0000e-12    89.2829     0.4534      8.044   246.4417     32.572    26.9347    26.9347      24.37  1027.4010    27.2646  0.000e+00
     32.304    26.9423    40.9977    27.2624     5.1990    6.32030    6.33606     82.054     0.4445     0.7600 1.0000e-12    89.2829     0.4534      8.044   246.4417     32.516    26.9347    26.9347      24.37  1027.4010    27.2649  0.000e+00
     32.304    26.9423    40.9981    27.2627     5.2023    6.32028    6.33605     82.107     0.4445     0.7661 1.0000e-12    89.3370     0.4510      8.044   246.4417     32.516    26.9347    26.9347      24.37  1027.4013    27.2652  0.000e+00
     32.335    26.9425    40.9978    27.2624     5.2020    6.32028    6.33604     82.102     0.4567     0.7661 1.0000e-12    89.4723     0.4450      8.044   246.4417     32.548    26.9349    26.9349      24.37  1027.4012    27.2649  0.000e+00
     32.304    26.9427    40.9975    27.2621     5.1976    6.32027    6.33603     82.032     0.4567     0.7600 1.0000e-12    89.4994     0.4438      8.044   246.4417     32.516    26.9351    26.9351      24.38  1027.4007    27.2646  0.000e+00
     32.358    26.9427    40.9978    27.2623     5.1971    6.32026    6.33602     82.025     0.4445     0.7539 1.0000e-12    89.4994     0.4438      8.044   246.4417     32.572    26.9351    26.9351      24.37  1027.4011    27.2648  0.000e+00
     32.304    26.9427    40.9979    27.2624     5.1965    6.32025    6.33602     82.015     0.4445     0.7600 1.0000e-12    89.4723     0.4450      8.044   246.4417     32.517    26.9351    26.9351      24.37  1027.4010    27.2649  0.000e+00
     32.304    26.9427    40.9984    27.2628     5.1999    6.32023    6.33600     82.069     0.4445     0.7600 1.0000e-12    89.4723     0.4450      8.044   246.4417     32.517    26.9351    26.9351      24.37  1027.4014    27.2653  0.000e+00
     32.335    26.9429    40.9982    27.2626     5.2036    6.32022    6.33598     82.128     0.4567     0.7661 1.0000e-12    89.4994     0.4438      8.044   246.4417     32.548    26.9353    26.9353      24.37  1027.4013    27.2650  0.000e+00
     32.304    26.9429    40.9987    27.2629     5.1994    6.32020    6.33597     82.062     0.4445     0.7661 1.0000e-12    89.4994     0.4438      8.044   246.4417     32.517    26.9353    26.9353      24.37  1027.4015    27.2654  0.000e+00
     32.304    26.9429    40.9985    27.2628     5.1988    6.32021    6.33597     82.053     0.4567     0.7600 1.0000e-12    89.4723     0.4450      8.044   246.4417     32.517    26.9353    26.9353      24.37  1027.4014    27.2653  0.000e+00
     32.358    26.9430    40.9981    27.2624     5.1985    6.32021    6.33598     82.047     0.4445     0.7539 1.0000e-12    89.4723     0.4450      8.044   246.4417     32.572    26.9354    26.9354      24.37  1027.4013    27.2649  0.000e+00
     32.335    26.9429    40.9984    27.2627     5.2021    6.32022    6.33598     82.104     0.4567     0.7600 1.0000e-12    89.4723     0.4450      8.044   246.4417     32.548    26.9353    26.9353      24.37  1027.4014    27.2652  0.000e+00
     32.358    26.9427    40.9987    27.2630     5.2017    6.32023    6.33599     82.098     0.4567     0.7661 1.0000e-12    89.4994     0.4438      8.044   246.4417     32.572    26.9351    26.9351      24.37  1027.4018    27.2655  0.000e+00
     32.304    26.9429    40.9981    27.2625     5.2051    6.32022    6.33599     82.151     0.4445     0.7661 1.0000e-12    89.4994     0.4438      8.044   246.4417     32.517    26.9353    26.9353      24.37  1027.4011    27.2650  0.000e+00
     32.304    26.9431    40.9979    27.2623     5.2008    6.32021    6.33598     82.084     0.4567     0.7600 1.0000e-12    89.4994     0.4438      8.044   246.4417     32.517    26.9355    26.9355      24.37  1027.4009    27.2648  0.000e+00
     32.335    26.9427    40.9986    27.2629     5.2046    6.32023    6.33599     82.143     0.4445     0.7600 1.0000e-12    89.4994     0.4438      8.044   246.4417     32.548    26.9351    26.9351      24.37  1027.4016    27.2654  0.000e+00
     32.304    26.9429    40.9984    27.2627     5.2007    6.32021    6.33598     82.081     0.4567     0.7539 1.0000e-12    89.4994     0.4438      8.044   246.4417     32.517    26.9353    26.9353      24.37  1027.4014    27.2652  0.000e+00
     32.358    26.9429    40.9982    27.2625     5.2043    6.32022    6.33598     82.138     0.4445     0.7661 1.0000e-12    89.4723     0.4450      8.044   246.4417     32.572    26.9353    26.9353      24.37  1027.4014    27.2650  0.000e+00
     32.304    26.9427    40.9980    27.2625     5.2042    6.32025    6.33602     82.136     0.4567     0.7661 1.0000e-12    89.4994     0.4438      8.044   246.4417     32.517    26.9351    26.9351      24.37  1027.4011    27.2650  0.000e+00
     32.335    26.9429    40.9980    27.2624     5.2084    6.32023    6.33599     82.203     0.4445     0.7661 1.0000e-12    89.4994     0.4438      8.044   246.4417     32.548    26.9353    26.9353      24.37  1027.4012    27.2649  0.000e+00
     32.304    26.9425    40.9986    27.2630     5.2086    6.32024    6.33601     82.207     0.4445     0.7661 1.0000e-12    89.4723     0.4450      8.044   246.4417     32.517    26.9350    26.9350      24.37  1027.4016    27.2655  0.000e+00
     32.304    26.9429    40.9982    27.2626     5.2089    6.32022    6.33598     82.211     0.4567     0.7600 1.0000e-12    89.4994     0.4438      8.044   246.4417     32.517    26.9353    26.9353      24.37  1027.4012    27.2650  0.000e+00
     32.358    26.9427    40.9979    27.2624     5.2093    6.32025    6.33601     82.218     0.4323     0.7661 1.0000e-12    89.6077     0.4389      8.044   246.4417     32.572    26.9351    26.9351      24.37  1027.4013    27.2649  0.000e+00
     32.280    26.9429    40.9980    27.2624     5.2097    6.32023    6.33599     82.224     0.4079     0.7783 1.0000e-12    89.6347     0.4377      8.044   246.4417     32.493    26.9353    26.9353      24.37  1027.4009    27.2649  0.000e+00
     32.358    26.9429    40.9983    27.2626     5.2101    6.32022    6.33598     82.231     0.3956     0.7844 1.0000e-12    89.6347     0.4377      8.044   246.4417     32.572    26.9353    26.9353      24.37  1027.4015    27.2651  0.000e+00
     32.241    26.9428    40.9985    27.2628     5.2105    6.32022    6.33598     82.236     0.3956     0.7783 1.0000e-12    89.6347     0.4377      8.044   246.4417     32.454    26.9352    26.9352      24.37  1027.4012    27.2653  0.000e+00
     32.304    26.9429    40.9982    27.2626     5.2109    6.32022    6.33598     82.243     0.4079     0.7844 1.0000e-12    89.6347     0.4377      8.044   246.4417     32.517    26.9353    26.9353      24.37  1027.4012    27.2650  0.000e+00
     32.335    26.9429    40.9981    27.2625     5.2114    6.32022    6.33599     82.250     0.3956     0.7844 1.0000e-12    89.6347     0.4377      8.044   246.4417     32.548    26.9353    26.9353      24.37  1027.4013    27.2650  0.000e+00
     32.304    26.9427    40.9985    27.2629     5.2118    6.32023    6.33599     82.256     0.4079     0.7783 1.0000e-12    89.6347     0.4377      8.044   246.4417     32.517    26.9351    26.9351      24.37  1027.4015    27.2653  0.000e+00
     32.304    26.9431    40.9983    27.2626     5.2123    6.32020    6.33596     82.266     0.3956     0.7844 1.0000e-12    89.6347     0.4377      8.044   246.4417     32.517    26.9355    26.9355      24.37  1027.4012    27.2651  0.000e+00
     32.304    26.9429    40.9985    27.2628     5.2088    6.32021    6.33597     82.210     0.4079     0.7783 1.0000e-12    89.6347     0.4377      8.044   246.4417     32.517    26.9353    26.9353      24.37  1027.4014    27.2653  0.000e+00
     32.280    26.9429    40.9985    27.2628     5.2090    6.32021    6.33597     82.213     0.4079     0.7783 1.0000e-12    89.6077     0.4389      8.044   246.4417     32.493    26.9353    26.9353      24.37  1027.4013    27.2653  0.000e+00
     32.241    26.9431    40.9986    27.2628     5.2053    6.32019    6.33595     82.154     0.3956     0.7783 1.0000e-12    89.6347     0.4377      8.044   246.4417     32.454    26.9355    26.9355      24.37  1027.4012    27.2653  0.000e+00
     32.304    26.9428    40.9992    27.2634     5.2014    6.32019    6.33596     82.094     0.4079     0.7783 1.0000e-12    89.6347     0.4377      8.044   246.4417     32.517    26.9352    26.9352      24.37  1027.4020    27.2658  0.000e+00
     32.304    26.9431    40.9988    27.2629     5.2014    6.32018    6.33595     82.093     0.3956     0.7783 1.0000e-12    89.6077     0.4389      8.044   246.4417     32.517    26.9355    26.9355      24.37  1027.4016    27.2654  0.000e+00
     32.280    26.9431    40.9993    27.2633     5.2015    6.32017    6.33593     82.095     0.4079     0.7844 1.0000e-12    89.6347     0.4377      8.044   246.4417     32.493    26.9355    26.9355      24.37  1027.4018    27.2658  0.000e+00
     32.304    26.9429    40.9993    27.2634     5.2017    6.32018    6.33595     82.099     0.3956     0.7844 1.0000e-12    89.6347     0.4377      8.044   246.4417     32.517    26.9353    26.9353      24.37  1027.4020    27.2659  0.000e+00
     32.241    26.9429    40.9992    27.2633     5.1977    6.32018    6.33595     82.036     0.4079     0.7783 1.0000e-12    89.6077     0.4389      8.044   246.4417     32.454    26.9353    26.9353      24.37  1027.4017    27.2658  0.000e+00
     32.304    26.9429    40.9993    27.2634     5.1977    6.32018    6.33595     82.035     0.4079     0.7783 1.0000e-12    89.6347     0.4377      8.044   246.4417     32.517    26.9353    26.9353      24.37  1027.4020    27.2659  0.000e+00
     32.226    26.9433    40.9984    27.2626     5.1975    6.32018    6.33594     82.033     0.4079     0.7783 1.0000e-12    89.6347     0.4377      8.044   246.4417     32.438    26.9357    26.9357      24.37  1027.4009    27.2651  0.000e+00
     32.304    26.9428    40.9985    27.2628     5.1976    6.32022    6.33598     82.033     0.3956     0.7783 1.0000e-12    89.6347     0.4377      8.044   246.4417     32.517    26.9352    26.9352      24.37  1027.4014    27.2653  0.000e+00
     32.241    26.9429    40.9979    27.2624     5.1975    6.32023    6.33599     82.032     0.3956     0.7783 1.0000e-12    89.6347     0.4377      8.044   246.4417     32.454    26.9353    26.9353      24.37  1027.4007    27.2648  0.000e+00
     32.241    26.9429    40.9977    27.2622     5.2013    6.32024    6.33600     82.092     0.4079     0.7783 1.0000e-12    89.8783     0.4269      8.044   246.4417     32.454    26.9353    26.9353      24.37  1027.4006    27.2647  0.000e+00
     32.226    26.9427    40.9979    27.2624     5.2014    6.32025    6.33601     82.092     0.3956     0.7783 1.0000e-12    89.9865     0.4220      8.044   246.4417     32.438    26.9351    26.9351      24.37  1027.4007    27.2649  0.000e+00
     32.304    26.9427    40.9981    27.2626     5.2054    6.32024    6.33601     82.156     0.4079     0.7844 1.0000e-12    89.9865     0.4220      8.044   246.4417     32.517    26.9351    26.9351      24.37  1027.4012    27.2651  0.000e+00
