Data/files/RVJanan08004.cnv
* Sea-Bird SBE 9 Data File:
* FileName = C:\CruiseData\CTD911\RVJanan080\Hex\RVJanan08004.hex
* Software Version Seasave V 7.26.7.121
* Temperature SN = 5958
* Conductivity SN = 3674
* Number of Bytes Per Scan = 37
* Number of Voltage Words = 4
* Number of Scans Averaged by the Deck Unit = 1
* NMEA Latitude = 25 42.41 N
* NMEA Longitude = 052 37.59 E
* NMEA UTC (Time) = Dec 10 2019  05:59:38
* NMEA baud rate = 4800
** Ship: R/V JANAN
** Cruise: NPRP10Restore02-Dec19
** Station: FashtEHalul
** Bottom Depth [m]: 48
** Operator: MD
# nquan = 22
# nvalues = 7913                                  
# units = specified
# name 0 = depSM: Depth [salt water, m]
# name 1 = t090C: Temperature [ITS-90, deg C]
# name 2 = sal00: Salinity, Practical [PSU]
# name 3 = sigma-t00: Density [sigma-t, kg/m^3 ]
# name 4 = sbeox0Mg/L: Oxygen, SBE 43 [mg/l]
# name 5 = oxsatMg/L: Oxygen Saturation, Weiss [mg/l]
# name 6 = oxsolMg/L: Oxygen Saturation, Garcia & Gordon [mg/l]
# name 7 = sbeox0PS: Oxygen, SBE 43 [% saturation]
# name 8 = flECO-AFL: Fluorescence, WET Labs ECO-AFL/FL [mg/m^3]
# name 9 = turbWETntu0: Turbidity, WET Labs ECO [NTU]
# name 10 = par: PAR/Irradiance, Biospherical/Licor
# name 11 = xmiss: Beam Transmission, Chelsea/Seatech [%]
# name 12 = bat: Beam Attenuation, Chelsea/Seatech [1/m]
# name 13 = ph: pH
# name 14 = orp: Oxidation Reduction Potential [mV]
# name 15 = prDM: Pressure, Digiquartz [db]
# name 16 = potemp090C: Potential Temperature [ITS-90, deg C]
# name 17 = pta090C: Potential Temperature Anomaly [ITS-90, deg C], a0 = 0, a1 = 0
# name 18 = ptempC: Pressure Temperature [deg C]
# name 19 = density00: Density [density, kg/m^3]
# name 20 = sigma-é00: Density [sigma-theta, kg/m^3]
# name 21 = flag:  0.000e+00
# span 0 =     -0.160,     48.244                 
# span 1 =    26.5129,    27.0429                 
# span 2 =     2.3198,    40.8140                 
# span 3 =    -1.7003,    27.1136                 
# span 4 =     4.9805,     6.8450                 
# span 5 =    6.32330,    7.86671                 
# span 6 =    6.33909,    7.88699                 
# span 7 =     63.773,     87.993                 
# span 8 =    -0.0317,     0.8352                 
# span 9 =    -0.1741,     4.3864                 
# span 10 = 1.0000e-12, 1.0000e-12                
# span 11 =    72.1787,   103.5454                
# span 12 =    -0.1394,     1.3041                
# span 13 =      8.013,      8.037                
# span 14 =   245.8358,   248.2597                
# span 15 =     -0.162,     48.565                
# span 16 =    26.5129,    27.0368                
# span 17 =    26.5129,    27.0368                
# span 18 =      22.44,      22.61                
# span 19 =   998.2990,  1027.3190                
# span 20 =    -1.7003,    27.1173                
# span 21 = 0.0000e+00, 0.0000e+00                
# interval = seconds: 0.0416667
# start_time = Dec 10 2019 05:59:38 [NMEA time, header]
# bad_flag = -9.990e-29
*END*
[from data line 2239]
     35.326    26.9056    40.7691    27.1015     5.3472    6.33222    6.34804     84.234     0.2247     0.6745 1.0000e-12    89.3641     0.4498      8.031   247.6537     35.559    26.8973    26.8973      22.48  1027.2532    27.1042  0.000e+00
     35.154    26.9059    40.7698    27.1019     5.3514    6.33217    6.34799     84.300     0.2247     0.6806 1.0000e-12    89.3911     0.4486      8.031   247.6537     35.386    26.8976    26.8976      22.48  1027.2528    27.1046  0.000e+00
     35.529    26.9059    40.7699    27.1021     5.3483    6.33217    6.34799     84.252     0.2247     0.6806 1.0000e-12    89.3641     0.4498      8.031   247.6537     35.764    26.8975    26.8975      22.48  1027.2546    27.1048  0.000e+00
     35.326    26.9059    40.7697    27.1019     5.3488    6.33217    6.34800     84.259     0.2125     0.6806 1.0000e-12    89.3911     0.4486      8.031   247.6537     35.559    26.8976    26.8976      22.48  1027.2535    27.1046  0.000e+00
     35.263    26.9056    40.7704    27.1025     5.3451    6.33217    6.34800     84.202     0.2247     0.6745 1.0000e-12    89.3641     0.4498      8.031   247.6537     35.497    26.8973    26.8973      22.48  1027.2539    27.1052  0.000e+00
     35.529    26.9060    40.7701    27.1022     5.3493    6.33214    6.34796     84.269     0.2247     0.6745 1.0000e-12    89.3641     0.4498      8.031   247.6537     35.764    26.8977    26.8977      22.48  1027.2547    27.1049  0.000e+00
     35.381    26.9060    40.7699    27.1020     5.3497    6.33215    6.34797     84.274     0.2247     0.6806 1.0000e-12    89.3911     0.4486      8.031   247.6537     35.615    26.8977    26.8977      22.48  1027.2538    27.1047  0.000e+00
     35.381    26.9058    40.7705    27.1025     5.3501    6.33215    6.34797     84.281     0.2125     0.6745 1.0000e-12    89.3911     0.4486      8.031   247.6537     35.615    26.8975    26.8975      22.48  1027.2544    27.1052  0.000e+00
     35.474    26.9060    40.7697    27.1018     5.3505    6.33216    6.34798     84.286     0.2125     0.6745 1.0000e-12    89.3641     0.4498      8.031   247.6537     35.709    26.8977    26.8977      22.48  1027.2541    27.1045  0.000e+00
     35.443    26.9060    40.7700    27.1021     5.3507    6.33215    6.34797     84.290     0.2247     0.6745 1.0000e-12    89.3641     0.4498      8.031   247.6537     35.678    26.8977    26.8977      22.48  1027.2542    27.1048  0.000e+00
     35.381    26.9060    40.7702    27.1022     5.3510    6.33214    6.34796     84.294     0.2247     0.6745 1.0000e-12    89.3911     0.4486      8.031   247.6537     35.615    26.8977    26.8977      22.48  1027.2541    27.1049  0.000e+00
     35.529    26.9058    40.7703    27.1024     5.3514    6.33216    6.34798     84.301     0.2125     0.6745 1.0000e-12    89.3641     0.4498      8.031   247.6537     35.764    26.8975    26.8975      22.48  1027.2549    27.1051  0.000e+00
     35.498    26.9060    40.7701    27.1022     5.3517    6.33214    6.34796     84.305     0.2247     0.6745 1.0000e-12    89.3641     0.4498      8.031   247.6537     35.733    26.8977    26.8977      22.48  1027.2545    27.1049  0.000e+00
     35.443    26.9060    40.7699    27.1020     5.3520    6.33215    6.34797     84.310     0.2247     0.6806 1.0000e-12    89.3911     0.4486      8.031   247.6537     35.678    26.8977    26.8977      22.48  1027.2541    27.1047  0.000e+00
     35.592    26.9060    40.7684    27.1008     5.3524    6.33221    6.34803     84.316     0.2247     0.6745 1.0000e-12    89.3641     0.4498      8.031   247.6537     35.827    26.8976    26.8976      22.48  1027.2536    27.1036  0.000e+00
     35.498    26.9059    40.7690    27.1013     5.3523    6.33220    6.34802     84.315     0.2247     0.6806 1.0000e-12    89.3911     0.4486      8.031   247.6537     35.733    26.8975    26.8975      22.48  1027.2537    27.1041  0.000e+00
     35.381    26.9060    40.7699    27.1020     5.3522    6.33215    6.34797     84.313     0.2247     0.6745 1.0000e-12    89.4182     0.4474      8.031   247.6537     35.615    26.8977    26.8977      22.48  1027.2539    27.1047  0.000e+00
     35.764    26.9059    40.7702    27.1023     5.3526    6.33216    6.34798     84.319     0.2247     0.6745 1.0000e-12    89.3911     0.4486      8.031   247.6537     36.000    26.8975    26.8975      22.48  1027.2558    27.1050  0.000e+00
     35.615    26.9060    40.7701    27.1022     5.3484    6.33215    6.34797     84.254     0.2247     0.6806 1.0000e-12    89.4182     0.4474      8.031   247.6537     35.851    26.8976    26.8976      22.48  1027.2551    27.1049  0.000e+00
     35.592    26.9060    40.7704    27.1023     5.3522    6.33213    6.34795     84.313     0.2247     0.6806 1.0000e-12    89.3911     0.4486      8.031   247.6537     35.827    26.8977    26.8977      22.48  1027.2551    27.1051  0.000e+00
     35.615    26.9062    40.7703    27.1022     5.3481    6.33212    6.34794     84.250     0.2247     0.6745 1.0000e-12    89.3911     0.4486      8.031   247.6537     35.851    26.8979    26.8979      22.48  1027.2551    27.1049  0.000e+00
     35.670    26.9060    40.7704    27.1024     5.3440    6.33213    6.34795     84.184     0.2247     0.6745 1.0000e-12    89.4182     0.4474      8.031   247.6537     35.906    26.8976    26.8976      22.48  1027.2555    27.1051  0.000e+00
     35.701    26.9062    40.7703    27.1022     5.3436    6.33212    6.34794     84.178     0.2125     0.6929 1.0000e-12    89.4182     0.4474      8.031   247.6537     35.937    26.8978    26.8978      22.48  1027.2555    27.1050  0.000e+00
     35.670    26.9062    40.7694    27.1016     5.3434    6.33215    6.34797     84.175     0.2247     0.7234 1.0000e-12    89.4182     0.4474      8.031   247.6537     35.906    26.8979    26.8979      22.48  1027.2547    27.1043  0.000e+00
     35.670    26.9064    40.7696    27.1016     5.3390    6.33212    6.34794     84.106     0.2247     0.7234 1.0000e-12    89.3911     0.4486      8.031   247.6537     35.906    26.8981    26.8981      22.48  1027.2547    27.1043  0.000e+00
     35.764    26.9065    40.7704    27.1022     5.3425    6.33208    6.34790     84.162     0.2247     0.7295 1.0000e-12    89.4182     0.4474      8.031   247.6537     36.000    26.8982    26.8982      22.48  1027.2557    27.1049  0.000e+00
     35.733    26.9066    40.7704    27.1022     5.3381    6.33207    6.34789     84.093     0.2247     0.7234 1.0000e-12    89.3911     0.4486      8.031   247.6537     35.969    26.8982    26.8982      22.48  1027.2556    27.1049  0.000e+00
     35.787    26.9064    40.7707    27.1025     5.3417    6.33208    6.34790     84.149     0.2247     0.7295 1.0000e-12    89.3911     0.4486      8.031   247.6537     36.024    26.8980    26.8980      22.48  1027.2561    27.1052  0.000e+00
     35.764    26.9066    40.7707    27.1024     5.3373    6.33206    6.34788     84.080     0.2247     0.7234 1.0000e-12    89.3911     0.4486      8.031   247.6537     36.000    26.8982    26.8982      22.48  1027.2559    27.1051  0.000e+00
     35.842    26.9065    40.7707    27.1024     5.3369    6.33207    6.34789     84.074     0.2247     0.7234 1.0000e-12    89.4182     0.4474      8.031   247.6537     36.079    26.8981    26.8981      22.48  1027.2563    27.1052  0.000e+00
     35.842    26.9064    40.7710    27.1027     5.3366    6.33207    6.34789     84.069     0.2247     0.7234 1.0000e-12    89.4182     0.4474      8.031   247.6537     36.079    26.8980    26.8980      22.48  1027.2566    27.1055  0.000e+00
     35.873    26.9066    40.7707    27.1024     5.3362    6.33206    6.34788     84.062     0.2247     0.7295 1.0000e-12    89.3911     0.4486      8.031   247.6537     36.110    26.8982    26.8982      22.48  1027.2564    27.1052  0.000e+00
     35.842    26.9065    40.7709    27.1026     5.3359    6.33206    6.34788     84.058     0.2247     0.7234 1.0000e-12    89.3911     0.4486      8.031   247.6537     36.079    26.8981    26.8981      22.48  1027.2564    27.1053  0.000e+00
     35.959    26.9066    40.7710    27.1026     5.3358    6.33205    6.34787     84.056     0.2247     0.7173 1.0000e-12    89.4182     0.4474      8.031   247.6537     36.197    26.8982    26.8982      22.48  1027.2570    27.1054  0.000e+00
     35.936    26.9066    40.7710    27.1026     5.3353    6.33205    6.34787     84.049     0.2247     0.7295 1.0000e-12    89.3911     0.4486      8.031   247.6537     36.173    26.8982    26.8982      22.48  1027.2569    27.1054  0.000e+00
     35.959    26.9066    40.7712    27.1028     5.3352    6.33204    6.34786     84.047     0.2247     0.7234 1.0000e-12    89.3100     0.4522      8.031   247.6537     36.197    26.8982    26.8982      22.48  1027.2571    27.1055  0.000e+00
     35.959    26.9067    40.7709    27.1025     5.3390    6.33204    6.34786     84.107     0.2247     0.7295 1.0000e-12    89.2017     0.4571      8.031   247.6537     36.197    26.8983    26.8983      22.48  1027.2569    27.1053  0.000e+00
     35.991    26.9068    40.7713    27.1028     5.3348    6.33202    6.34784     84.042     0.2247     0.7234 1.0000e-12    89.2017     0.4571      8.031   247.6537     36.228    26.8983    26.8983      22.48  1027.2573    27.1056  0.000e+00
     36.022    26.9068    40.7712    27.1027     5.3385    6.33202    6.34784     84.100     0.2247     0.7234 1.0000e-12    89.2017     0.4571      8.031   247.6537     36.260    26.8983    26.8983      22.48  1027.2573    27.1055  0.000e+00
     36.076    26.9068    40.7708    27.1024     5.3344    6.33204    6.34786     84.035     0.2125     0.7234 1.0000e-12    89.2017     0.4571      8.031   247.6537     36.315    26.8983    26.8983      22.48  1027.2573    27.1052  0.000e+00
     36.053    26.9067    40.7711    27.1027     5.3381    6.33204    6.34786     84.093     0.2247     0.7295 1.0000e-12    89.2017     0.4571      8.031   247.6537     36.291    26.8983    26.8983      22.48  1027.2574    27.1054  0.000e+00
     36.076    26.9070    40.7708    27.1024     5.3382    6.33202    6.34784     84.094     0.2247     0.7295 1.0000e-12    89.2017     0.4571      8.031   247.6537     36.315    26.8985    26.8985      22.48  1027.2572    27.1051  0.000e+00
     36.131    26.9072    40.7710    27.1025     5.3381    6.33199    6.34781     84.093     0.2247     0.7295 1.0000e-12    89.2017     0.4571      8.031   247.6537     36.370    26.8987    26.8987      22.48  1027.2575    27.1052  0.000e+00
     36.162    26.9069    40.7716    27.1030     5.3340    6.33200    6.34782     84.029     0.2247     0.7234 1.0000e-12    89.2017     0.4571      8.031   247.6537     36.402    26.8984    26.8984      22.48  1027.2582    27.1058  0.000e+00
     36.194    26.9072    40.7712    27.1026     5.3379    6.33198    6.34781     84.091     0.2247     0.7295 1.0000e-12    89.2017     0.4571      8.031   247.6537     36.433    26.8987    26.8987      22.48  1027.2580    27.1054  0.000e+00
     36.194    26.9073    40.7713    27.1026     5.3340    6.33197    6.34779     84.030     0.2125     0.7234 1.0000e-12    89.2017     0.4571      8.031   247.6537     36.433    26.8988    26.8988      22.48  1027.2580    27.1054  0.000e+00
     36.225    26.9072    40.7715    27.1028     5.3340    6.33197    6.34779     84.029     0.2247     0.7234 1.0000e-12    89.2017     0.4571      8.031   247.6537     36.465    26.8987    26.8987      22.48  1027.2583    27.1056  0.000e+00
     36.248    26.9071    40.7715    27.1029     5.3340    6.33198    6.34780     84.029     0.2247     0.7234 1.0000e-12    89.2017     0.4571      8.031   247.6537     36.488    26.8986    26.8986      22.48  1027.2585    27.1056  0.000e+00
     36.303    26.9072    40.7709    27.1024     5.3301    6.33200    6.34782     83.967     0.2125     0.7234 1.0000e-12    89.2017     0.4571      8.031   247.6537     36.543    26.8986    26.8986      22.48  1027.2582    27.1051  0.000e+00
     36.225    26.9072    40.7710    27.1025     5.3339    6.33199    6.34781     84.027     0.2247     0.7356 1.0000e-12    89.2017     0.4571      8.031   247.6537     36.465    26.8987    26.8987      22.48  1027.2580    27.1052  0.000e+00
     36.366    26.9070    40.7709    27.1025     5.3302    6.33202    6.34784     83.969     0.2491     0.7539 1.0000e-12    89.2017     0.4571      8.031   247.6537     36.606    26.8984    26.8984      22.48  1027.2586    27.1052  0.000e+00
     36.342    26.9071    40.7704    27.1020     5.3301    6.33202    6.34784     83.967     0.2491     0.7539 1.0000e-12    89.2017     0.4571      8.031   247.6537     36.583    26.8986    26.8986      22.48  1027.2580    27.1048  0.000e+00
     36.366    26.9072    40.7709    27.1024     5.3300    6.33200    6.34782     83.967     0.2491     0.7539 1.0000e-12    89.2017     0.4571      8.031   247.6537     36.606    26.8986    26.8986      22.48  1027.2584    27.1051  0.000e+00
     36.366    26.9070    40.7709    27.1025     5.3299    6.33202    6.34784     83.963     0.2491     0.7539 1.0000e-12    89.2017     0.4571      8.031   247.6537     36.606    26.8984    26.8984      22.48  1027.2586    27.1052  0.000e+00
     36.397    26.9069    40.7712    27.1027     5.3339    6.33201    6.34783     84.026     0.2491     0.7600 1.0000e-12    89.2017     0.4571      8.031   247.6537     36.638    26.8984    26.8984      22.48  1027.2589    27.1055  0.000e+00
     36.420    26.9073    40.7715    27.1028     5.3300    6.33196    6.34778     83.967     0.2491     0.7600 1.0000e-12    89.1746     0.4583      8.031   247.6537     36.661    26.8988    26.8988      22.48  1027.2591    27.1055  0.000e+00
     36.483    26.9073    40.7713    27.1027     5.3301    6.33196    6.34778     83.968     0.2491     0.7539 1.0000e-12    89.1476     0.4595      8.031   247.6537     36.724    26.8988    26.8988      22.48  1027.2593    27.1054  0.000e+00
     36.452    26.9073    40.7715    27.1028     5.3341    6.33196    6.34778     84.032     0.2491     0.7600 1.0000e-12    89.1476     0.4595      8.031   247.6537     36.693    26.8988    26.8988      22.48  1027.2593    27.1056  0.000e+00
     36.538    26.9075    40.7715    27.1027     5.3305    6.33194    6.34776     83.974     0.2491     0.7539 1.0000e-12    89.1476     0.4595      8.031   247.6537     36.779    26.8989    26.8989      22.48  1027.2595    27.1055  0.000e+00
     36.483    26.9077    40.7716    27.1027     5.3305    6.33191    6.34773     83.975     0.2491     0.7539 1.0000e-12    89.1476     0.4595      8.031   247.6537     36.724    26.8992    26.8992      22.48  1027.2593    27.1055  0.000e+00
     36.569    26.9077    40.7719    27.1030     5.3347    6.33190    6.34772     84.041     0.2491     0.7600 1.0000e-12    89.1476     0.4595      8.031   247.6537     36.811    26.8991    26.8991      22.48  1027.2599    27.1057  0.000e+00
     36.592    26.9081    40.7719    27.1029     5.3350    6.33186    6.34768     84.047     0.2491     0.7539 1.0000e-12    89.1476     0.4595      8.031   247.6537     36.834    26.8995    26.8995      22.48  1027.2599    27.1057  0.000e+00
     36.538    26.9080    40.7724    27.1032     5.3353    6.33185    6.34767     84.052     0.2491     0.7539 1.0000e-12    89.1476     0.4595      8.031   247.6537     36.779    26.8995    26.8995      22.48  1027.2600    27.1060  0.000e+00
     36.631    26.9085    40.7726    27.1033     5.3397    6.33180    6.34762     84.122     0.2491     0.7600 1.0000e-12    89.1476     0.4595      8.031   247.6537     36.874    26.8999    26.8999      22.48  1027.2605    27.1061  0.000e+00
     36.655    26.9086    40.7728    27.1034     5.3363    6.33178    6.34760     84.068     0.2491     0.7539 1.0000e-12    89.1476     0.4595      8.031   247.6537     36.897    26.9000    26.9000      22.48  1027.2607    27.1062  0.000e+00
