Data/files/RVJanan08004.cnv
* Sea-Bird SBE 9 Data File:
* FileName = C:\CruiseData\CTD911\RVJanan080\Hex\RVJanan08004.hex
* Software Version Seasave V 7.26.7.121
* Temperature SN = 5958
* Conductivity SN = 3674
* Number of Bytes Per Scan = 37
* Number of Voltage Words = 4
* Number of Scans Averaged by the Deck Unit = 1
* NMEA Latitude = 25 42.41 N
* NMEA Longitude = 052 37.59 E
* NMEA UTC (Time) = Dec 10 2019  05:59:38
* NMEA baud rate = 4800
** Ship: R/V JANAN
** Cruise: NPRP10Restore02-Dec19
** Station: FashtEHalul
** Bottom Depth [m]: 48
** Operator: MD
# nquan = 22
# nvalues = 7913                                  
# units = specified
# name 0 = depSM: Depth [salt water, m]
# name 1 = t090C: Temperature [ITS-90, deg C]
# name 2 = sal00: Salinity, Practical [PSU]
# name 3 = sigma-t00: Density [sigma-t, kg/m^3 ]
# name 4 = sbeox0Mg/L: Oxygen, SBE 43 [mg/l]
# name 5 = oxsatMg/L: Oxygen Saturation, Weiss [mg/l]
# name 6 = oxsolMg/L: Oxygen Saturation, Garcia & Gordon [mg/l]
# name 7 = sbeox0PS: Oxygen, SBE 43 [% saturation]
# name 8 = flECO-AFL: Fluorescence, WET Labs ECO-AFL/FL [mg/m^3]
# name 9 = turbWETntu0: Turbidity, WET Labs ECO [NTU]
# name 10 = par: PAR/Irradiance, Biospherical/Licor
# name 11 = xmiss: Beam Transmission, Chelsea/Seatech [%]
# name 12 = bat: Beam Attenuation, Chelsea/Seatech [1/m]
# name 13 = ph: pH
# name 14 = orp: Oxidation Reduction Potential [mV]
# name 15 = prDM: Pressure, Digiquartz [db]
# name 16 = potemp090C: Potential Temperature [ITS-90, deg C]
# name 17 = pta090C: Potential Temperature Anomaly [ITS-90, deg C], a0 = 0, a1 = 0
# name 18 = ptempC: Pressure Temperature [deg C]
# name 19 = density00: Density [density, kg/m^3]
# name 20 = sigma-é00: Density [sigma-theta, kg/m^3]
# name 21 = flag:  0.000e+00
# span 0 =     -0.160,     48.244                 
# span 1 =    26.5129,    27.0429                 
# span 2 =     2.3198,    40.8140                 
# span 3 =    -1.7003,    27.1136                 
# span 4 =     4.9805,     6.8450                 
# span 5 =    6.32330,    7.86671                 
# span 6 =    6.33909,    7.88699                 
# span 7 =     63.773,     87.993                 
# span 8 =    -0.0317,     0.8352                 
# span 9 =    -0.1741,     4.3864                 
# span 10 = 1.0000e-12, 1.0000e-12                
# span 11 =    72.1787,   103.5454                
# span 12 =    -0.1394,     1.3041                
# span 13 =      8.013,      8.037                
# span 14 =   245.8358,   248.2597                
# span 15 =     -0.162,     48.565                
# span 16 =    26.5129,    27.0368                
# span 17 =    26.5129,    27.0368                
# span 18 =      22.44,      22.61                
# span 19 =   998.2990,  1027.3190                
# span 20 =    -1.7003,    27.1173                
# span 21 = 0.0000e+00, 0.0000e+00                
# interval = seconds: 0.0416667
# start_time = Dec 10 2019 05:59:38 [NMEA time, header]
# bad_flag = -9.990e-29
*END*
[from data line 1844]
     28.102    26.9861    40.5726    26.9267     5.4299    6.33087    6.34671     85.554     0.3346     0.3998 1.0000e-12    93.6943     0.2605      8.031   247.6537     28.287    26.9795    26.9795      22.47  1027.0473    26.9289  0.000e+00
     28.219    26.9861    40.5727    26.9268     5.4255    6.33086    6.34671     85.485     0.3468     0.3937 1.0000e-12    93.6943     0.2605      8.031   247.6537     28.405    26.9795    26.9795      22.48  1027.0480    26.9290  0.000e+00
     28.219    26.9858    40.5732    26.9274     5.4248    6.33088    6.34673     85.473     0.3346     0.3876 1.0000e-12    93.6943     0.2605      8.035   247.6537     28.405    26.9791    26.9791      22.48  1027.0485    26.9295  0.000e+00
     28.196    26.9856    40.5736    26.9277     5.4243    6.33088    6.34673     85.466     0.3468     0.3876 1.0000e-12    93.6943     0.2605      8.031   247.6537     28.382    26.9790    26.9790      22.48  1027.0487    26.9299  0.000e+00
     28.274    26.9852    40.5742    26.9282     5.4238    6.33090    6.34675     85.457     0.3468     0.3937 1.0000e-12    93.6943     0.2605      8.031   247.6537     28.461    26.9786    26.9786      22.48  1027.0496    26.9304  0.000e+00
     28.274    26.9852    40.5742    26.9283     5.4234    6.33090    6.34675     85.452     0.3468     0.3876 1.0000e-12    93.6672     0.2617      8.031   247.6537     28.461    26.9786    26.9786      22.47  1027.0496    26.9304  0.000e+00
     28.219    26.9850    40.5748    26.9288     5.4191    6.33090    6.34675     85.385     0.3346     0.3937 1.0000e-12    93.6131     0.2640      8.031   247.6537     28.405    26.9784    26.9784      22.48  1027.0499    26.9309  0.000e+00
     28.337    26.9848    40.5749    26.9289     5.4229    6.33092    6.34676     85.443     0.3468     0.3937 1.0000e-12    93.5860     0.2652      8.031   247.6537     28.523    26.9782    26.9782      22.48  1027.0506    26.9311  0.000e+00
     28.274    26.9845    40.5753    26.9293     5.4268    6.33094    6.34679     85.504     0.3468     0.3998 1.0000e-12    93.6131     0.2640      8.031   247.6537     28.461    26.9778    26.9778      22.48  1027.0507    26.9315  0.000e+00
     28.376    26.9843    40.5754    26.9294     5.4230    6.33095    6.34680     85.445     0.3468     0.3937 1.0000e-12    93.5860     0.2652      8.031   247.6537     28.563    26.9777    26.9777      22.48  1027.0513    26.9316  0.000e+00
     28.391    26.9843    40.5754    26.9294     5.4191    6.33096    6.34680     85.383     0.3468     0.3937 1.0000e-12    93.6131     0.2640      8.031   247.6537     28.579    26.9776    26.9776      22.48  1027.0513    26.9316  0.000e+00
     28.337    26.9839    40.5757    26.9299     5.4190    6.33098    6.34683     85.382     0.3468     0.3876 1.0000e-12    93.6131     0.2640      8.031   247.6537     28.524    26.9772    26.9772      22.47  1027.0515    26.9320  0.000e+00
     28.391    26.9839    40.5758    26.9299     5.4191    6.33098    6.34683     85.383     0.3590     0.3937 1.0000e-12    93.6131     0.2640      8.035   247.6537     28.579    26.9772    26.9772      22.48  1027.0518    26.9321  0.000e+00
     28.391    26.9837    40.5759    26.9300     5.4193    6.33100    6.34684     85.386     0.3468     0.3876 1.0000e-12    93.5860     0.2652      8.031   247.6537     28.579    26.9771    26.9771      22.48  1027.0519    26.9322  0.000e+00
     28.430    26.9834    40.5762    26.9303     5.4156    6.33102    6.34687     85.327     0.3468     0.3876 1.0000e-12    93.6131     0.2640      8.031   247.6537     28.618    26.9767    26.9767      22.48  1027.0524    26.9325  0.000e+00
     28.391    26.9832    40.5762    26.9304     5.4157    6.33104    6.34689     85.329     0.3468     0.3876 1.0000e-12    93.6131     0.2640      8.035   247.6537     28.579    26.9765    26.9765      22.47  1027.0523    26.9326  0.000e+00
     28.509    26.9828    40.5760    26.9304     5.4161    6.33109    6.34694     85.334     0.3468     0.3876 1.0000e-12    93.6131     0.2640      8.031   247.6537     28.697    26.9761    26.9761      22.48  1027.0528    26.9326  0.000e+00
     28.446    26.9828    40.5759    26.9303     5.4204    6.33109    6.34694     85.401     0.3590     0.3937 1.0000e-12    93.6131     0.2640      8.031   247.6537     28.634    26.9761    26.9761      22.48  1027.0524    26.9325  0.000e+00
     28.509    26.9822    40.5767    26.9311     5.4170    6.33112    6.34697     85.349     0.3468     0.3876 1.0000e-12    93.6131     0.2640      8.031   247.6537     28.697    26.9755    26.9755      22.48  1027.0535    26.9333  0.000e+00
     28.485    26.9821    40.5772    26.9316     5.4136    6.33112    6.34697     85.294     0.3590     0.3876 1.0000e-12    93.6131     0.2640      8.031   247.6537     28.673    26.9754    26.9754      22.48  1027.0539    26.9338  0.000e+00
     28.509    26.9819    40.5772    26.9316     5.4180    6.33114    6.34699     85.364     0.3590     0.3937 1.0000e-12    93.6131     0.2640      8.031   247.6537     28.697    26.9752    26.9752      22.48  1027.0540    26.9338  0.000e+00
     28.563    26.9815    40.5774    26.9319     5.4150    6.33117    6.34702     85.315     0.3468     0.3876 1.0000e-12    93.6131     0.2640      8.031   247.6537     28.752    26.9748    26.9748      22.48  1027.0545    26.9341  0.000e+00
     28.509    26.9811    40.5778    26.9323     5.4196    6.33120    6.34704     85.388     0.3590     0.3876 1.0000e-12    93.6131     0.2640      8.031   247.6537     28.697    26.9744    26.9744      22.47  1027.0547    26.9345  0.000e+00
     28.563    26.9807    40.5778    26.9324     5.4204    6.33124    6.34709     85.400     0.3468     0.3876 1.0000e-12    93.6131     0.2640      8.031   247.6537     28.752    26.9740    26.9740      22.48  1027.0551    26.9346  0.000e+00
     28.626    26.9803    40.5780    26.9327     5.4213    6.33127    6.34712     85.413     0.3468     0.3876 1.0000e-12    93.6131     0.2640      8.035   247.6537     28.815    26.9736    26.9736      22.48  1027.0556    26.9349  0.000e+00
     28.602    26.9802    40.5782    26.9329     5.4220    6.33128    6.34713     85.425     0.3468     0.3937 1.0000e-12    93.5860     0.2652      8.031   247.6537     28.791    26.9735    26.9735      22.48  1027.0557    26.9351  0.000e+00
     28.626    26.9798    40.5779    26.9328     5.4227    6.33133    6.34718     85.435     0.3468     0.3937 1.0000e-12    93.5319     0.2675      8.035   247.6537     28.815    26.9731    26.9731      22.48  1027.0557    26.9350  0.000e+00
     28.563    26.9796    40.5782    26.9331     5.4194    6.33134    6.34719     85.382     0.3468     0.3876 1.0000e-12    93.5319     0.2675      8.031   247.6537     28.752    26.9729    26.9729      22.48  1027.0557    26.9353  0.000e+00
     28.681    26.9792    40.5784    26.9334     5.4159    6.33137    6.34722     85.327     0.3468     0.3876 1.0000e-12    93.5319     0.2675      8.031   247.6537     28.870    26.9725    26.9725      22.47  1027.0565    26.9356  0.000e+00
     28.626    26.9785    40.5789    26.9340     5.4163    6.33143    6.34728     85.332     0.3590     0.3937 1.0000e-12    93.5319     0.2675      8.035   247.6537     28.815    26.9718    26.9718      22.48  1027.0569    26.9362  0.000e+00
     28.657    26.9785    40.5789    26.9340     5.4127    6.33143    6.34728     85.276     0.3468     0.3876 1.0000e-12    93.5048     0.2686      8.031   247.6537     28.846    26.9717    26.9717      22.47  1027.0570    26.9362  0.000e+00
     28.735    26.9781    40.5792    26.9344     5.4129    6.33146    6.34731     85.279     0.3468     0.3876 1.0000e-12    93.5048     0.2686      8.035   247.6537     28.925    26.9714    26.9714      22.48  1027.0577    26.9366  0.000e+00
     28.681    26.9775    40.5795    26.9347     5.4090    6.33151    6.34736     85.216     0.3468     0.3876 1.0000e-12    93.5319     0.2675      8.031   247.6537     28.870    26.9708    26.9708      22.48  1027.0579    26.9369  0.000e+00
     28.681    26.9774    40.5797    26.9350     5.4129    6.33152    6.34736     85.278     0.3468     0.3937 1.0000e-12    93.5319     0.2675      8.031   247.6537     28.870    26.9706    26.9706      22.48  1027.0581    26.9372  0.000e+00
     28.735    26.9772    40.5801    26.9353     5.4090    6.33153    6.34737     85.216     0.3590     0.3876 1.0000e-12    93.5048     0.2686      8.031   247.6537     28.925    26.9704    26.9704      22.48  1027.0587    26.9375  0.000e+00
     28.720    26.9770    40.5796    26.9350     5.4050    6.33156    6.34741     85.152     0.3468     0.3876 1.0000e-12    93.5319     0.2675      8.031   247.6537     28.909    26.9703    26.9703      22.48  1027.0583    26.9372  0.000e+00
     28.798    26.9766    40.5797    26.9352     5.4087    6.33160    6.34745     85.210     0.3468     0.3876 1.0000e-12    93.5048     0.2686      8.031   247.6537     28.988    26.9698    26.9698      22.48  1027.0588    26.9374  0.000e+00
     28.735    26.9764    40.5797    26.9353     5.4085    6.33161    6.34746     85.208     0.3590     0.3937 1.0000e-12    93.5048     0.2686      8.031   247.6537     28.925    26.9697    26.9697      22.48  1027.0586    26.9375  0.000e+00
     28.853    26.9759    40.5800    26.9357     5.4086    6.33166    6.34751     85.208     0.3468     0.4059 1.0000e-12    93.5319     0.2675      8.031   247.6537     29.043    26.9691    26.9691      22.47  1027.0595    26.9379  0.000e+00
     28.798    26.9755    40.5798    26.9356     5.4086    6.33171    6.34756     85.208     0.3468     0.4059 1.0000e-12    93.5048     0.2686      8.031   247.6537     28.988    26.9687    26.9687      22.48  1027.0593    26.9378  0.000e+00
     28.775    26.9749    40.5802    26.9361     5.4127    6.33175    6.34760     85.271     0.3468     0.4059 1.0000e-12    93.5319     0.2675      8.035   247.6537     28.964    26.9682    26.9682      22.48  1027.0596    26.9383  0.000e+00
     28.853    26.9742    40.5807    26.9368     5.4131    6.33181    6.34766     85.277     0.3468     0.3998 1.0000e-12    93.5319     0.2675      8.031   247.6537     29.043    26.9674    26.9674      22.47  1027.0606    26.9390  0.000e+00
     28.853    26.9740    40.5809    26.9370     5.4135    6.33182    6.34767     85.283     0.3468     0.3998 1.0000e-12    93.5048     0.2686      8.031   247.6537     29.043    26.9672    26.9672      22.48  1027.0608    26.9392  0.000e+00
     28.853    26.9736    40.5812    26.9373     5.4137    6.33185    6.34770     85.286     0.3590     0.4059 1.0000e-12    93.5048     0.2686      8.035   247.6537     29.043    26.9669    26.9669      22.48  1027.0612    26.9395  0.000e+00
     28.853    26.9733    40.5813    26.9375     5.4180    6.33189    6.34773     85.354     0.3468     0.4120 1.0000e-12    93.5319     0.2675      8.031   247.6537     29.043    26.9665    26.9665      22.48  1027.0614    26.9397  0.000e+00
     28.892    26.9729    40.5809    26.9373     5.4186    6.33194    6.34779     85.362     0.3468     0.4120 1.0000e-12    93.5048     0.2686      8.031   247.0477     29.082    26.9661    26.9661      22.48  1027.0614    26.9395  0.000e+00
     28.915    26.9727    40.5814    26.9378     5.4152    6.33194    6.34779     85.308     0.3468     0.4059 1.0000e-12    93.4778     0.2698      8.035   247.6537     29.106    26.9659    26.9659      22.48  1027.0619    26.9400  0.000e+00
     28.915    26.9723    40.5817    26.9382     5.4154    6.33197    6.34782     85.312     0.3468     0.4059 1.0000e-12    93.4236     0.2721      8.031   247.6537     29.106    26.9656    26.9656      22.48  1027.0623    26.9404  0.000e+00
     28.970    26.9723    40.5818    26.9382     5.4199    6.33196    6.34781     85.383     0.3590     0.4059 1.0000e-12    93.4236     0.2721      8.031   247.6537     29.161    26.9655    26.9655      22.48  1027.0626    26.9404  0.000e+00
     28.915    26.9718    40.5824    26.9388     5.4204    6.33200    6.34785     85.390     0.3468     0.4059 1.0000e-12    93.4236     0.2721      8.031   247.6537     29.106    26.9650    26.9650      22.47  1027.0630    26.9411  0.000e+00
     29.009    26.9720    40.5820    26.9385     5.4248    6.33199    6.34784     85.459     0.3468     0.4120 1.0000e-12    93.4236     0.2721      8.031   247.6537     29.200    26.9652    26.9652      22.48  1027.0630    26.9407  0.000e+00
     28.970    26.9718    40.5821    26.9386     5.4214    6.33202    6.34786     85.405     0.3590     0.4059 1.0000e-12    93.4236     0.2721      8.035   247.6537     29.161    26.9650    26.9650      22.48  1027.0629    26.9408  0.000e+00
     28.970    26.9714    40.5829    26.9393     5.4218    6.33202    6.34787     85.411     0.3590     0.4059 1.0000e-12    93.4236     0.2721      8.031   247.6537     29.161    26.9646    26.9646      22.47  1027.0637    26.9416  0.000e+00
     29.025    26.9716    40.5827    26.9391     5.4262    6.33201    6.34786     85.481     0.3468     0.4120 1.0000e-12    93.4236     0.2721      8.035   247.6537     29.216    26.9648    26.9648      22.48  1027.0637    26.9413  0.000e+00
     29.025    26.9714    40.5827    26.9392     5.4269    6.33203    6.34788     85.491     0.3468     0.3998 1.0000e-12    93.4236     0.2721      8.031   247.6537     29.216    26.9646    26.9646      22.47  1027.0638    26.9414  0.000e+00
     29.064    26.9714    40.5827    26.9392     5.4274    6.33203    6.34788     85.499     0.3468     0.4059 1.0000e-12    93.4236     0.2721      8.031   247.6537     29.255    26.9646    26.9646      22.48  1027.0639    26.9414  0.000e+00
     29.025    26.9712    40.5832    26.9397     5.4320    6.33203    6.34788     85.572     0.3468     0.4120 1.0000e-12    93.4236     0.2721      8.031   247.6537     29.216    26.9644    26.9644      22.48  1027.0643    26.9419  0.000e+00
     29.087    26.9710    40.5828    26.9394     5.4291    6.33206    6.34791     85.526     0.3468     0.4059 1.0000e-12    93.4236     0.2721      8.031   247.6537     29.279    26.9642    26.9642      22.48  1027.0643    26.9416  0.000e+00
     29.087    26.9710    40.5832    26.9397     5.4298    6.33205    6.34790     85.537     0.3468     0.4059 1.0000e-12    93.4236     0.2721      8.031   247.6537     29.279    26.9642    26.9642      22.47  1027.0645    26.9419  0.000e+00
     29.087    26.9710    40.5829    26.9394     5.4304    6.33206    6.34791     85.546     0.3468     0.4059 1.0000e-12    93.4236     0.2721      8.031   247.6537     29.279    26.9642    26.9642      22.48  1027.0643    26.9417  0.000e+00
     29.126    26.9708    40.5834    26.9399     5.4310    6.33206    6.34791     85.555     0.3590     0.4059 1.0000e-12    93.4236     0.2721      8.035   247.6537     29.318    26.9640    26.9640      22.48  1027.0649    26.9421  0.000e+00
     29.142    26.9703    40.5843    26.9407     5.4316    6.33209    6.34794     85.565     0.3468     0.4059 1.0000e-12    93.4236     0.2721      8.031   247.6537     29.334    26.9635    26.9635      22.48  1027.0658    26.9430  0.000e+00
     29.142    26.9703    40.5842    26.9407     5.4362    6.33209    6.34794     85.637     0.3468     0.4120 1.0000e-12    93.4236     0.2721      8.031   247.6537     29.334    26.9635    26.9635      22.48  1027.0658    26.9429  0.000e+00
     29.205    26.9701    40.5842    26.9407     5.4328    6.33211    6.34796     85.584     0.3468     0.4059 1.0000e-12    93.4236     0.2721      8.031   247.6537     29.397    26.9632    26.9632      22.48  1027.0661    26.9430  0.000e+00
     29.142    26.9697    40.5846    26.9411     5.4332    6.33214    6.34799     85.590     0.3346     0.4364 1.0000e-12    93.4236     0.2721      8.035   247.6537     29.334    26.9629    26.9629      22.48  1027.0662    26.9433  0.000e+00
