Data/files/RVJanan08003.cnv
* Sea-Bird SBE 9 Data File:
* FileName = C:\CruiseData\CTD911\RVJanan080\Hex\RVJanan08003.hex
* Software Version Seasave V 7.26.7.121
* Temperature SN = 5958
* Conductivity SN = 3674
* Number of Bytes Per Scan = 37
* Number of Voltage Words = 4
* Number of Scans Averaged by the Deck Unit = 1
* NMEA Latitude = 25 30.57 N
* NMEA Longitude = 052 30.22 E
* NMEA UTC (Time) = Dec 09 2019  14:26:33
* NMEA baud rate = 4800
** Ship: R/V JANAN
** Cruise: NPRP10Restore02-Dec19
** Station: Maydan Mahzen Reef
** Bottom Depth [m]: 25
** Operator: MD
# nquan = 22
# nvalues = 6035                                  
# units = specified
# name 0 = depSM: Depth [salt water, m]
# name 1 = t090C: Temperature [ITS-90, deg C]
# name 2 = sal00: Salinity, Practical [PSU]
# name 3 = sigma-t00: Density [sigma-t, kg/m^3 ]
# name 4 = sbeox0Mg/L: Oxygen, SBE 43 [mg/l]
# name 5 = oxsatMg/L: Oxygen Saturation, Weiss [mg/l]
# name 6 = oxsolMg/L: Oxygen Saturation, Garcia & Gordon [mg/l]
# name 7 = sbeox0PS: Oxygen, SBE 43 [% saturation]
# name 8 = flECO-AFL: Fluorescence, WET Labs ECO-AFL/FL [mg/m^3]
# name 9 = turbWETntu0: Turbidity, WET Labs ECO [NTU]
# name 10 = par: PAR/Irradiance, Biospherical/Licor
# name 11 = xmiss: Beam Transmission, Chelsea/Seatech [%]
# name 12 = bat: Beam Attenuation, Chelsea/Seatech [1/m]
# name 13 = ph: pH
# name 14 = orp: Oxidation Reduction Potential [mV]
# name 15 = prDM: Pressure, Digiquartz [db]
# name 16 = potemp090C: Potential Temperature [ITS-90, deg C]
# name 17 = pta090C: Potential Temperature Anomaly [ITS-90, deg C], a0 = 0, a1 = 0
# name 18 = ptempC: Pressure Temperature [deg C]
# name 19 = density00: Density [density, kg/m^3]
# name 20 = sigma-é00: Density [sigma-theta, kg/m^3]
# name 21 = flag:  0.000e+00
# span 0 =     -2.287,     20.784                 
# span 1 =    26.2849,    26.8432                 
# span 2 =     3.2446,    40.9653                 
# span 3 =    -0.9601,    27.2738                 
# span 4 =     5.3149,     7.6187                 
# span 5 =    6.33285,    7.85008                 
# span 6 =    6.34865,    7.87034                 
# span 7 =     77.981,     98.031                 
# span 8 =    -0.0439,     1.1771                 
# span 9 =     0.2960,     6.4377                 
# span 10 = 1.0000e-12, 1.0000e-12                
# span 11 =    74.5873,    99.3235                
# span 12 =     0.0272,     1.1728                
# span 13 =      8.022,      8.046                
# span 14 =   223.4144,   233.1101                
# span 15 =     -2.302,     20.921                
# span 16 =    26.2849,    26.8403                
# span 17 =    26.2849,    26.8403                
# span 18 =      24.85,      24.90                
# span 19 =   999.0405,  1027.3628                
# span 20 =    -0.9601,    27.2754                
# span 21 = 0.0000e+00, 0.0000e+00                
# interval = seconds: 0.0416667
# start_time = Dec 09 2019 14:26:33 [NMEA time, header]
# bad_flag = -9.990e-29
*END*
[from data line 1317]
     17.666    26.7151    40.7749    27.1678     5.4926    6.35181    6.36767     86.258     0.7131     0.4120 1.0000e-12    94.4791     0.2272      8.036   226.4443     17.782    26.7110    26.7110      24.88  1027.2437    27.1692  0.000e+00
     17.666    26.7153    40.7753    27.1680     5.4968    6.35178    6.36764     86.324     0.7131     0.4120 1.0000e-12    94.4791     0.2272      8.036   226.4443     17.782    26.7112    26.7112      24.88  1027.2439    27.1694  0.000e+00
     17.612    26.7155    40.7756    27.1683     5.5010    6.35175    6.36761     86.390     0.7131     0.4181 1.0000e-12    94.4791     0.2272      8.036   226.4443     17.727    26.7114    26.7114      24.88  1027.2439    27.1696  0.000e+00
     17.729    26.7155    40.7763    27.1687     5.4977    6.35173    6.36758     86.340     0.7131     0.4120 1.0000e-12    94.4791     0.2272      8.036   226.4443     17.845    26.7114    26.7114      24.88  1027.2449    27.1701  0.000e+00
     17.666    26.7155    40.7765    27.1689     5.4982    6.35172    6.36757     86.346     0.7131     0.4120 1.0000e-12    94.4791     0.2272      8.036   226.4443     17.782    26.7114    26.7114      24.88  1027.2448    27.1703  0.000e+00
     17.666    26.7155    40.7768    27.1691     5.5029    6.35171    6.36757     86.421     0.7131     0.4120 1.0000e-12    94.4791     0.2272      8.036   226.4443     17.782    26.7114    26.7114      24.88  1027.2450    27.1704  0.000e+00
     17.666    26.7155    40.7771    27.1694     5.5037    6.35170    6.36755     86.434     0.7131     0.4181 1.0000e-12    94.4791     0.2272      8.036   226.4443     17.782    26.7114    26.7114      24.88  1027.2452    27.1707  0.000e+00
     17.729    26.7157    40.7773    27.1695     5.5047    6.35167    6.36752     86.449     0.7131     0.4120 1.0000e-12    94.4791     0.2272      8.036   226.4443     17.845    26.7116    26.7116      24.88  1027.2456    27.1708  0.000e+00
     17.729    26.7157    40.7777    27.1697     5.5057    6.35166    6.36751     86.466     0.7131     0.4120 1.0000e-12    94.4791     0.2272      8.036   226.4443     17.845    26.7116    26.7116      24.88  1027.2459    27.1711  0.000e+00
     17.729    26.7162    40.7787    27.1703     5.5107    6.35156    6.36742     86.546     0.7131     0.4120 1.0000e-12    94.4791     0.2272      8.036   226.4443     17.845    26.7121    26.7121      24.88  1027.2465    27.1717  0.000e+00
     17.729    26.7172    40.7804    27.1713     5.5120    6.35141    6.36726     86.568     0.7131     0.4120 1.0000e-12    94.4791     0.2272      8.036   226.4443     17.845    26.7130    26.7130      24.87  1027.2474    27.1726  0.000e+00
     17.729    26.7181    40.7827    27.1727     5.5135    6.35123    6.36708     86.594     0.7131     0.4120 1.0000e-12    94.4791     0.2272      8.036   226.4443     17.845    26.7140    26.7140      24.88  1027.2489    27.1741  0.000e+00
     17.729    26.7194    40.7847    27.1738     5.5188    6.35102    6.36687     86.681     0.7131     0.4181 1.0000e-12    94.5062     0.2260      8.036   226.4443     17.845    26.7153    26.7153      24.88  1027.2499    27.1751  0.000e+00
     17.799    26.7204    40.7865    27.1749     5.5166    6.35086    6.36671     86.647     0.7131     0.4120 1.0000e-12    94.4791     0.2272      8.036   226.4443     17.916    26.7162    26.7162      24.88  1027.2513    27.1762  0.000e+00
     17.784    26.7217    40.7875    27.1752     5.5180    6.35069    6.36654     86.671     0.7131     0.4120 1.0000e-12    94.4791     0.2272      8.036   226.4443     17.900    26.7175    26.7175      24.88  1027.2516    27.1765  0.000e+00
     17.729    26.7228    40.7897    27.1766     5.5194    6.35049    6.36634     86.696     0.7131     0.4120 1.0000e-12    94.4791     0.2272      8.036   226.4443     17.845    26.7186    26.7186      24.88  1027.2527    27.1779  0.000e+00
     17.784    26.7244    40.7917    27.1775     5.5209    6.35025    6.36610     86.723     0.7131     0.4181 1.0000e-12    94.5062     0.2260      8.036   226.4443     17.900    26.7203    26.7203      24.88  1027.2539    27.1788  0.000e+00
     17.846    26.7254    40.7934    27.1785     5.5226    6.35009    6.36594     86.752     0.7131     0.4120 1.0000e-12    94.4520     0.2283      8.036   226.4443     17.963    26.7212    26.7212      24.88  1027.2551    27.1799  0.000e+00
     17.846    26.7269    40.7946    27.1789     5.5201    6.34989    6.36574     86.715     0.7131     0.4120 1.0000e-12    94.4250     0.2295      8.036   226.4443     17.963    26.7227    26.7227      24.88  1027.2555    27.1802  0.000e+00
     17.784    26.7281    40.7966    27.1800     5.5214    6.34968    6.36553     86.740     0.7131     0.4120 1.0000e-12    94.4250     0.2295      8.036   226.4443     17.900    26.7240    26.7240      24.88  1027.2564    27.1814  0.000e+00
     17.846    26.7293    40.7977    27.1805     5.5270    6.34953    6.36538     86.829     0.7009     0.4120 1.0000e-12    94.4250     0.2295      8.036   226.4443     17.963    26.7251    26.7251      24.88  1027.2571    27.1818  0.000e+00
     17.846    26.7299    40.7980    27.1805     5.5287    6.34946    6.36530     86.856     0.5788     0.4364 1.0000e-12    94.4250     0.2295      8.036   226.4443     17.963    26.7257    26.7257      24.88  1027.2572    27.1819  0.000e+00
     17.846    26.7304    40.7986    27.1808     5.5302    6.34938    6.36523     86.882     0.5177     0.4548 1.0000e-12    94.4250     0.2295      8.036   226.4443     17.963    26.7262    26.7262      24.88  1027.2574    27.1821  0.000e+00
     17.846    26.7308    40.7989    27.1809     5.5277    6.34933    6.36518     86.843     0.5177     0.4487 1.0000e-12    94.4250     0.2295      8.032   226.4443     17.963    26.7266    26.7266      24.88  1027.2575    27.1823  0.000e+00
     17.901    26.7308    40.7995    27.1813     5.5331    6.34931    6.36516     86.928     0.5177     0.4548 1.0000e-12    94.4250     0.2295      8.036   226.4443     18.018    26.7266    26.7266      24.88  1027.2582    27.1827  0.000e+00
     17.901    26.7315    40.7998    27.1813     5.5306    6.34922    6.36506     86.890     0.5177     0.4425 1.0000e-12    94.4250     0.2295      8.036   226.4443     18.018    26.7274    26.7274      24.88  1027.2582    27.1827  0.000e+00
     17.955    26.7321    40.8011    27.1821     5.5319    6.34912    6.36496     86.911     0.5177     0.4487 1.0000e-12    94.4250     0.2295      8.036   226.4443     18.073    26.7279    26.7279      24.88  1027.2592    27.1835  0.000e+00
     17.901    26.7326    40.8018    27.1825     5.5331    6.34903    6.36488     86.932     0.5177     0.4487 1.0000e-12    94.4250     0.2295      8.036   226.4443     18.018    26.7285    26.7285      24.88  1027.2594    27.1839  0.000e+00
     17.854    26.7336    40.8021    27.1824     5.5380    6.34892    6.36477     87.011     0.5177     0.4548 1.0000e-12    94.4250     0.2295      8.036   226.4443     17.971    26.7294    26.7294      24.88  1027.2591    27.1838  0.000e+00
     18.073    26.7339    40.8024    27.1825     5.5392    6.34888    6.36472     87.030     0.5177     0.4487 1.0000e-12    94.4250     0.2295      8.036   226.4443     18.191    26.7297    26.7297      24.88  1027.2601    27.1839  0.000e+00
     17.956    26.7345    40.8023    27.1822     5.5360    6.34882    6.36467     86.980     0.5177     0.4425 1.0000e-12    94.4250     0.2295      8.036   226.4443     18.073    26.7303    26.7303      24.88  1027.2593    27.1836  0.000e+00
     17.956    26.7346    40.8023    27.1822     5.5366    6.34881    6.36466     86.989     0.5177     0.4487 1.0000e-12    94.4250     0.2295      8.036   226.4443     18.073    26.7304    26.7304      24.88  1027.2593    27.1835  0.000e+00
     18.018    26.7349    40.8020    27.1819     5.5412    6.34879    6.36464     87.062     0.5177     0.4487 1.0000e-12    94.4250     0.2295      8.036   226.4443     18.136    26.7307    26.7307      24.88  1027.2593    27.1832  0.000e+00
     18.018    26.7345    40.8021    27.1821     5.5418    6.34882    6.36467     87.071     0.5177     0.4487 1.0000e-12    94.4250     0.2295      8.036   226.4443     18.136    26.7303    26.7303      24.88  1027.2595    27.1835  0.000e+00
     18.018    26.7343    40.8013    27.1815     5.5421    6.34888    6.36472     87.075     0.5177     0.4487 1.0000e-12    94.4250     0.2295      8.036   225.8383     18.136    26.7301    26.7301      24.87  1027.2589    27.1829  0.000e+00
     18.018    26.7339    40.8010    27.1815     5.5422    6.34892    6.36477     87.076     0.5177     0.4487 1.0000e-12    94.4250     0.2295      8.036   226.4443     18.136    26.7297    26.7297      24.88  1027.2588    27.1828  0.000e+00
     18.073    26.7343    40.8015    27.1817     5.5422    6.34887    6.36471     87.077     0.5177     0.4487 1.0000e-12    94.4250     0.2295      8.036   226.4443     18.191    26.7301    26.7301      24.88  1027.2593    27.1831  0.000e+00
     18.073    26.7345    40.8032    27.1830     5.5457    6.34878    6.36463     87.134     0.5177     0.4548 1.0000e-12    94.3979     0.2306      8.036   226.4443     18.191    26.7303    26.7303      24.88  1027.2606    27.1843  0.000e+00
     18.073    26.7360    40.8050    27.1838     5.5413    6.34857    6.36441     87.067     0.5177     0.4487 1.0000e-12    94.2355     0.2375      8.036   226.4443     18.191    26.7318    26.7318      24.88  1027.2614    27.1852  0.000e+00
     18.073    26.7373    40.8062    27.1843     5.5447    6.34839    6.36424     87.123     0.5177     0.4487 1.0000e-12    94.1543     0.2409      8.036   226.4443     18.191    26.7331    26.7331      24.88  1027.2619    27.1856  0.000e+00
     18.127    26.7386    40.8068    27.1843     5.5401    6.34823    6.36408     87.053     0.5177     0.4425 1.0000e-12    94.1543     0.2409      8.036   226.4443     18.246    26.7344    26.7344      24.88  1027.2622    27.1857  0.000e+00
     18.127    26.7397    40.8068    27.1840     5.5395    6.34811    6.36396     87.044     0.5177     0.4487 1.0000e-12    94.1543     0.2409      8.036   225.8383     18.246    26.7355    26.7355      24.87  1027.2618    27.1853  0.000e+00
     18.127    26.7405    40.8072    27.1840     5.5388    6.34802    6.36387     87.035     0.5177     0.4487 1.0000e-12    94.1543     0.2409      8.032   226.4443     18.246    26.7362    26.7362      24.88  1027.2618    27.1854  0.000e+00
     18.127    26.7408    40.8073    27.1840     5.5422    6.34798    6.36383     87.089     0.5177     0.4548 1.0000e-12    94.1543     0.2409      8.032   226.4443     18.246    26.7366    26.7366      24.88  1027.2618    27.1853  0.000e+00
     18.245    26.7414    40.8083    27.1846     5.5377    6.34788    6.36373     87.020     0.5177     0.4487 1.0000e-12    94.1543     0.2409      8.036   226.4443     18.364    26.7371    26.7371      24.88  1027.2629    27.1860  0.000e+00
     18.088    26.7425    40.8096    27.1852     5.5371    6.34773    6.36357     87.013     0.5177     0.4487 1.0000e-12    94.1543     0.2409      8.036   226.4443     18.207    26.7383    26.7383      24.88  1027.2628    27.1865  0.000e+00
     18.245    26.7444    40.8107    27.1854     5.5365    6.34749    6.36333     87.006     0.5177     0.4548 1.0000e-12    94.1543     0.2409      8.036   226.4443     18.364    26.7401    26.7401      24.88  1027.2637    27.1868  0.000e+00
     18.245    26.7458    40.8126    27.1863     5.5319    6.34727    6.36311     86.937     0.5177     0.4487 1.0000e-12    94.1543     0.2409      8.036   226.4443     18.364    26.7416    26.7416      24.88  1027.2647    27.1877  0.000e+00
     18.245    26.7475    40.8129    27.1860     5.5352    6.34709    6.36293     86.991     0.5177     0.4548 1.0000e-12    94.1543     0.2409      8.036   226.4443     18.364    26.7433    26.7433      24.88  1027.2644    27.1874  0.000e+00
     18.307    26.7487    40.8124    27.1853     5.5387    6.34698    6.36282     87.048     0.5055     0.4670 1.0000e-12    94.1543     0.2409      8.036   226.4443     18.427    26.7444    26.7444      24.88  1027.2639    27.1867  0.000e+00
     18.245    26.7496    40.8131    27.1855     5.5345    6.34686    6.36270     86.983     0.5055     0.4609 1.0000e-12    94.1543     0.2409      8.032   226.4443     18.364    26.7454    26.7454      24.88  1027.2638    27.1869  0.000e+00
     18.245    26.7501    40.8142    27.1861     5.5303    6.34677    6.36261     86.919     0.5177     0.4609 1.0000e-12    94.1543     0.2409      8.036   226.4443     18.364    26.7459    26.7459      24.88  1027.2645    27.1875  0.000e+00
     18.362    26.7511    40.8143    27.1859     5.5339    6.34667    6.36251     86.976     0.5055     0.4670 1.0000e-12    94.1543     0.2409      8.036   226.4443     18.482    26.7468    26.7468      24.88  1027.2648    27.1873  0.000e+00
     18.307    26.7513    40.8146    27.1861     5.5295    6.34663    6.36247     86.908     0.5055     0.4609 1.0000e-12    94.1543     0.2409      8.036   226.4443     18.427    26.7470    26.7470      24.88  1027.2647    27.1875  0.000e+00
     18.362    26.7518    40.8148    27.1860     5.5292    6.34657    6.36241     86.904     0.5055     0.4609 1.0000e-12    94.1543     0.2409      8.036   226.4443     18.482    26.7475    26.7475      24.88  1027.2649    27.1874  0.000e+00
     18.362    26.7522    40.8148    27.1859     5.5249    6.34653    6.36237     86.837     0.5055     0.4548 1.0000e-12    94.1543     0.2409      8.036   226.4443     18.482    26.7479    26.7479      24.88  1027.2648    27.1873  0.000e+00
     18.416    26.7526    40.8149    27.1859     5.5245    6.34649    6.36233     86.831     0.5055     0.4609 1.0000e-12    94.1543     0.2409      8.036   226.4443     18.537    26.7483    26.7483      24.88  1027.2650    27.1873  0.000e+00
     18.362    26.7524    40.8146    27.1858     5.5240    6.34652    6.36236     86.823     0.5055     0.4670 1.0000e-12    94.1273     0.2421      8.036   226.4443     18.482    26.7481    26.7481      24.88  1027.2646    27.1872  0.000e+00
     18.479    26.7522    40.8151    27.1862     5.5238    6.34652    6.36236     86.821     0.5055     0.4670 1.0000e-12    94.0732     0.2444      8.032   226.4443     18.600    26.7479    26.7479      24.88  1027.2655    27.1876  0.000e+00
     18.416    26.7529    40.8164    27.1869     5.5194    6.34640    6.36224     86.753     0.5055     0.4609 1.0000e-12    94.0190     0.2467      8.032   226.4443     18.537    26.7486    26.7486      24.88  1027.2660    27.1883  0.000e+00
     18.416    26.7544    40.8181    27.1877     5.5149    6.34618    6.36202     86.684     0.5055     0.4609 1.0000e-12    94.0190     0.2467      8.032   226.4443     18.537    26.7501    26.7501      24.88  1027.2668    27.1891  0.000e+00
     18.479    26.7555    40.8193    27.1883     5.5144    6.34602    6.36186     86.679     0.5055     0.4609 1.0000e-12    94.0190     0.2467      8.036   226.4443     18.600    26.7512    26.7512      24.88  1027.2676    27.1897  0.000e+00
     18.534    26.7566    40.8206    27.1889     5.5138    6.34586    6.36170     86.672     0.5055     0.4609 1.0000e-12    94.0190     0.2467      8.032   226.4443     18.655    26.7523    26.7523      24.87  1027.2685    27.1903  0.000e+00
     18.534    26.7578    40.8212    27.1890     5.5132    6.34572    6.36156     86.664     0.5055     0.4670 1.0000e-12    94.0190     0.2467      8.036   226.4443     18.655    26.7535    26.7535      24.88  1027.2686    27.1904  0.000e+00
     18.487    26.7587    40.8219    27.1892     5.5086    6.34560    6.36143     86.594     0.5055     0.4609 1.0000e-12    94.0190     0.2467      8.032   226.4443     18.608    26.7544    26.7544      24.88  1027.2686    27.1906  0.000e+00
