Data/files/RVJanan08001.cnv
* Sea-Bird SBE 9 Data File:
* FileName = C:\CruiseData\CTD911\RVJanan080\RVJanan08001.hex
* Software Version Seasave V 7.26.7.121
* Temperature SN = 5958
* Conductivity SN = 3674
* Number of Bytes Per Scan = 37
* Number of Voltage Words = 4
* Number of Scans Averaged by the Deck Unit = 1
* NMEA Latitude = 25 02.14 N
* NMEA Longitude = 052 13.11 E
* NMEA UTC (Time) = Dec 08 2019  12:05:17
* NMEA baud rate = 4800
** Ship: R/V JANAN
** Cruise: NPRP10Restore02-Dec19
** Station: Sheraoh Island (053)
** Bottom Depth [m]: 15
** Operator: MD
# nquan = 22
# nvalues = 6573                                  
# units = specified
# name 0 = depSM: Depth [salt water, m]
# name 1 = t090C: Temperature [ITS-90, deg C]
# name 2 = sal00: Salinity, Practical [PSU]
# name 3 = sigma-t00: Density [sigma-t, kg/m^3 ]
# name 4 = sbeox0Mg/L: Oxygen, SBE 43 [mg/l]
# name 5 = oxsatMg/L: Oxygen Saturation, Weiss [mg/l]
# name 6 = oxsolMg/L: Oxygen Saturation, Garcia & Gordon [mg/l]
# name 7 = sbeox0PS: Oxygen, SBE 43 [% saturation]
# name 8 = flECO-AFL: Fluorescence, WET Labs ECO-AFL/FL [mg/m^3]
# name 9 = turbWETntu0: Turbidity, WET Labs ECO [NTU]
# name 10 = par: PAR/Irradiance, Biospherical/Licor
# name 11 = xmiss: Beam Transmission, Chelsea/Seatech [%]
# name 12 = bat: Beam Attenuation, Chelsea/Seatech [1/m]
# name 13 = ph: pH
# name 14 = orp: Oxidation Reduction Potential [mV]
# name 15 = prDM: Pressure, Digiquartz [db]
# name 16 = potemp090C: Potential Temperature [ITS-90, deg C]
# name 17 = pta090C: Potential Temperature Anomaly [ITS-90, deg C], a0 = 0, a1 = 0
# name 18 = ptempC: Pressure Temperature [deg C]
# name 19 = density00: Density [density, kg/m^3]
# name 20 = sigma-é00: Density [sigma-theta, kg/m^3]
# name 21 = flag:  0.000e+00
# span 0 =     -0.146,     14.668                 
# span 1 =    25.3532,    26.4720                 
# span 2 =     4.8998,    43.6754                 
# span 3 =     0.5371,    29.4430                 
# span 4 =     5.4138,     7.5241                 
# span 5 =    6.27395,    7.93777                 
# span 6 =    6.28919,    7.95766                 
# span 7 =     86.001,     95.109                 
# span 8 =    -0.0928,     1.7143                 
# span 9 =     0.0213,     1.3644                 
# span 10 = 1.0000e-12, 1.0000e-12                
# span 11 =    81.8675,    93.4236                
# span 12 =     0.2721,     0.8003                
# span 13 =      7.983,      8.032                
# span 14 =   275.5289,   277.3469                
# span 15 =     -0.146,     14.763                
# span 16 =    25.3532,    26.4687                
# span 17 =    25.3532,    26.4687                
# span 18 =      29.69,      29.80                
# span 19 =  1000.5372,  1029.5036                
# span 20 =     0.5371,    29.4440                
# span 21 = 0.0000e+00, 0.0000e+00                
# interval = seconds: 0.0416667
# start_time = Dec 08 2019 12:05:17 [NMEA time, header]
# bad_flag = -9.990e-29
*END*
[from data line 6124]
      1.359    26.1044    42.4334    28.6206     6.0207    6.35628    6.37184     94.489     0.4567     0.4303 1.0000e-12    92.2870     0.3211      8.025   276.1349      1.368    26.1041    26.1041      29.69  1028.6265    28.6207  0.000e+00
      1.305    26.1043    42.4334    28.6206     6.0126    6.35629    6.37185     94.362     0.4567     0.4303 1.0000e-12    92.3140     0.3199      8.025   276.1349      1.313    26.1040    26.1040      29.69  1028.6262    28.6207  0.000e+00
      1.359    26.1042    42.4331    28.6204     6.0163    6.35631    6.37187     94.420     0.4567     0.4303 1.0000e-12    92.2870     0.3211      8.025   276.1349      1.368    26.1039    26.1039      29.69  1028.6263    28.6205  0.000e+00
      1.359    26.1043    42.4329    28.6202     6.0161    6.35631    6.37186     94.417     0.4567     0.4364 1.0000e-12    92.3140     0.3199      8.025   276.1349      1.368    26.1040    26.1040      29.69  1028.6261    28.6204  0.000e+00
      1.359    26.1040    42.4334    28.6207     6.0120    6.35632    6.37188     94.352     0.4567     0.4303 1.0000e-12    92.2870     0.3211      8.025   276.1349      1.368    26.1037    26.1037      29.69  1028.6266    28.6208  0.000e+00
      1.359    26.1041    42.4334    28.6207     6.0155    6.35631    6.37186     94.407     0.4567     0.4242 1.0000e-12    92.3140     0.3199      8.025   275.5289      1.368    26.1038    26.1038      29.69  1028.6266    28.6208  0.000e+00
      1.359    26.1040    42.4332    28.6206     6.0153    6.35633    6.37188     94.403     0.4445     0.4303 1.0000e-12    92.3140     0.3199      8.025   276.1349      1.368    26.1037    26.1037      29.69  1028.6264    28.6207  0.000e+00
      1.359    26.1039    42.4332    28.6206     6.0112    6.35633    6.37189     94.340     0.4323     0.4181 1.0000e-12    92.2870     0.3211      8.025   276.1349      1.368    26.1036    26.1036      29.69  1028.6265    28.6207  0.000e+00
      1.359    26.1042    42.4329    28.6203     6.0150    6.35632    6.37187     94.399     0.4323     0.4181 1.0000e-12    92.3140     0.3199      8.025   276.1349      1.368    26.1039    26.1039      29.69  1028.6262    28.6204  0.000e+00
      1.414    26.1041    42.4330    28.6204     6.0149    6.35632    6.37188     94.397     0.4323     0.4181 1.0000e-12    92.2870     0.3211      8.025   276.1349      1.423    26.1038    26.1038      29.69  1028.6265    28.6206  0.000e+00
      1.359    26.1042    42.4332    28.6206     6.0187    6.35631    6.37186     94.457     0.4323     0.4181 1.0000e-12    92.2870     0.3211      8.020   276.1349      1.368    26.1039    26.1039      29.69  1028.6264    28.6207  0.000e+00
      1.359    26.1041    42.4332    28.6206     6.0229    6.35632    6.37187     94.523     0.4323     0.4242 1.0000e-12    92.3140     0.3199      8.025   276.1349      1.368    26.1038    26.1038      29.69  1028.6264    28.6207  0.000e+00
      1.359    26.1042    42.4329    28.6203     6.0191    6.35632    6.37187     94.464     0.4323     0.4181 1.0000e-12    92.3140     0.3199      8.025   276.1349      1.368    26.1039    26.1039      29.69  1028.6262    28.6204  0.000e+00
      1.414    26.1041    42.4330    28.6204     6.0190    6.35632    6.37188     94.463     0.4323     0.4120 1.0000e-12    92.2870     0.3211      8.025   276.1349      1.423    26.1038    26.1038      29.71  1028.6265    28.6206  0.000e+00
      1.359    26.1042    42.4332    28.6206     6.0229    6.35631    6.37186     94.523     0.4323     0.4181 1.0000e-12    92.3140     0.3199      8.025   276.1349      1.368    26.1039    26.1039      29.69  1028.6264    28.6207  0.000e+00
      1.414    26.1044    42.4331    28.6204     6.0231    6.35629    6.37185     94.528     0.4323     0.4181 1.0000e-12    92.2870     0.3211      8.020   276.1349      1.423    26.1041    26.1041      29.69  1028.6265    28.6205  0.000e+00
      1.359    26.1043    42.4332    28.6205     6.0274    6.35630    6.37185     94.594     0.4323     0.4181 1.0000e-12    92.2870     0.3211      8.025   276.1349      1.368    26.1040    26.1040      29.69  1028.6263    28.6206  0.000e+00
      1.359    26.1045    42.4330    28.6203     6.0318    6.35628    6.37183     94.663     0.4323     0.4242 1.0000e-12    92.2599     0.3222      8.025   276.1349      1.368    26.1042    26.1042      29.69  1028.6261    28.6204  0.000e+00
      1.421    26.1045    42.4330    28.6203     6.0283    6.35629    6.37184     94.608     0.4323     0.4181 1.0000e-12    92.2328     0.3234      8.025   276.1349      1.431    26.1041    26.1041      29.69  1028.6264    28.6204  0.000e+00
      1.359    26.1042    42.4334    28.6207     6.0287    6.35630    6.37186     94.614     0.4323     0.4120 1.0000e-12    92.2328     0.3234      8.025   276.1349      1.368    26.1039    26.1039      29.69  1028.6265    28.6208  0.000e+00
      1.421    26.1043    42.4332    28.6205     6.0291    6.35630    6.37185     94.621     0.4323     0.4181 1.0000e-12    92.2328     0.3234      8.025   276.1349      1.430    26.1040    26.1040      29.69  1028.6266    28.6206  0.000e+00
      1.359    26.1044    42.4329    28.6203     6.0297    6.35630    6.37185     94.630     0.4323     0.4181 1.0000e-12    92.2328     0.3234      8.025   276.1349      1.368    26.1041    26.1041      29.69  1028.6261    28.6204  0.000e+00
      1.359    26.1041    42.4334    28.6207     6.0303    6.35631    6.37187     94.640     0.4445     0.4181 1.0000e-12    92.2328     0.3234      8.025   276.1349      1.368    26.1038    26.1038      29.71  1028.6265    28.6208  0.000e+00
      1.413    26.1044    42.4328    28.6202     6.0348    6.35630    6.37186     94.710     0.4323     0.4242 1.0000e-12    92.2328     0.3234      8.025   276.1349      1.423    26.1041    26.1041      29.69  1028.6263    28.6203  0.000e+00
      1.359    26.1041    42.4334    28.6207     6.0275    6.35631    6.37187     94.596     0.4323     0.4181 1.0000e-12    92.2328     0.3234      8.025   276.1349      1.368    26.1038    26.1038      29.69  1028.6265    28.6208  0.000e+00
      1.359    26.1040    42.4332    28.6206     6.0320    6.35633    6.37188     94.666     0.4323     0.4242 1.0000e-12    92.2328     0.3234      8.025   276.1349      1.367    26.1037    26.1037      29.69  1028.6264    28.6207  0.000e+00
      1.421    26.1039    42.4332    28.6206     6.0247    6.35633    6.37189     94.551     0.4323     0.4181 1.0000e-12    92.2328     0.3234      8.025   276.1349      1.430    26.1036    26.1036      29.69  1028.6267    28.6207  0.000e+00
      1.304    26.1034    42.4336    28.6211     6.0208    6.35637    6.37193     94.489     0.4323     0.4120 1.0000e-12    92.2328     0.3234      8.025   276.1349      1.312    26.1031    26.1031      29.69  1028.6267    28.6212  0.000e+00
      1.413    26.1036    42.4339    28.6212     6.0168    6.35635    6.37191     94.427     0.4323     0.4242 1.0000e-12    92.2328     0.3234      8.025   276.1349      1.422    26.1032    26.1032      29.71  1028.6273    28.6213  0.000e+00
      1.359    26.1034    42.4337    28.6212     6.0164    6.35637    6.37192     94.421     0.4323     0.4242 1.0000e-12    92.2328     0.3234      8.025   276.1349      1.367    26.1031    26.1031      29.69  1028.6270    28.6213  0.000e+00
      1.359    26.1037    42.4334    28.6208     6.0120    6.35635    6.37190     94.352     0.4323     0.4181 1.0000e-12    92.2328     0.3234      8.025   276.1349      1.367    26.1034    26.1034      29.69  1028.6267    28.6209  0.000e+00
      1.359    26.1038    42.4333    28.6207     6.0075    6.35634    6.37190     94.282     0.4323     0.4181 1.0000e-12    92.2328     0.3234      8.025   276.1349      1.367    26.1035    26.1035      29.69  1028.6265    28.6208  0.000e+00
      1.359    26.1040    42.4331    28.6205     6.0029    6.35633    6.37188     94.209     0.4323     0.4181 1.0000e-12    92.2328     0.3234      8.025   275.5289      1.367    26.1037    26.1037      29.69  1028.6264    28.6206  0.000e+00
      1.304    26.1039    42.4332    28.6206     6.0023    6.35634    6.37189     94.199     0.4445     0.4303 1.0000e-12    92.2328     0.3234      8.025   276.1349      1.312    26.1036    26.1036      29.69  1028.6262    28.6207  0.000e+00
      1.359    26.1040    42.4337    28.6210     5.9978    6.35631    6.37186     94.129     0.4567     0.4425 1.0000e-12    92.2328     0.3234      8.025   276.1349      1.367    26.1037    26.1037      29.69  1028.6268    28.6211  0.000e+00
      1.359    26.1045    42.4334    28.6206     5.9969    6.35627    6.37183     94.116     0.4689     0.4548 1.0000e-12    92.2328     0.3234      8.025   276.1349      1.367    26.1041    26.1041      29.69  1028.6264    28.6207  0.000e+00
      1.296    26.1045    42.4332    28.6204     5.9879    6.35627    6.37183     93.974     0.4689     0.4487 1.0000e-12    92.2058     0.3246      8.025   276.1349      1.304    26.1042    26.1042      29.69  1028.6259    28.6205  0.000e+00
      1.304    26.1045    42.4330    28.6203     5.9948    6.35628    6.37184     94.083     0.4689     0.4487 1.0000e-12    92.2328     0.3234      8.020   276.1349      1.312    26.1042    26.1042      29.69  1028.6259    28.6204  0.000e+00
      1.296    26.1044    42.4332    28.6205     5.9901    6.35629    6.37184     94.009     0.4689     0.4487 1.0000e-12    92.2870     0.3211      8.025   276.1349      1.304    26.1041    26.1041      29.69  1028.6260    28.6206  0.000e+00
      1.358    26.1045    42.4330    28.6203     5.9816    6.35628    6.37184     93.875     0.4689     0.4487 1.0000e-12    92.3140     0.3199      8.025   276.1349      1.367    26.1041    26.1041      29.69  1028.6261    28.6204  0.000e+00
      1.296    26.1042    42.4331    28.6205     5.9805    6.35631    6.37187     93.858     0.4689     0.4487 1.0000e-12    92.3140     0.3199      8.025   276.1349      1.304    26.1039    26.1039      29.69  1028.6260    28.6206  0.000e+00
      1.304    26.1043    42.4331    28.6205     5.9835    6.35630    6.37185     93.905     0.4689     0.4487 1.0000e-12    92.3140     0.3199      8.025   276.1349      1.312    26.1040    26.1040      29.69  1028.6260    28.6205  0.000e+00
      1.296    26.1040    42.4333    28.6207     5.9789    6.35632    6.37188     93.833     0.4689     0.4487 1.0000e-12    92.3140     0.3199      8.025   276.1349      1.304    26.1037    26.1037      29.69  1028.6262    28.6208  0.000e+00
      1.249    26.1039    42.4335    28.6208     5.9779    6.35632    6.37188     93.817     0.4689     0.4487 1.0000e-12    92.3140     0.3199      8.020   276.1349      1.257    26.1036    26.1036      29.69  1028.6262    28.6209  0.000e+00
      1.296    26.1038    42.4335    28.6209     5.9733    6.35634    6.37189     93.745     0.4689     0.4487 1.0000e-12    92.3140     0.3199      8.025   276.1349      1.304    26.1035    26.1035      29.69  1028.6264    28.6210  0.000e+00
      1.304    26.1039    42.4332    28.6206     5.9803    6.35634    6.37189     93.854     0.4689     0.4548 1.0000e-12    92.3140     0.3199      8.025   276.1349      1.312    26.1036    26.1036      29.69  1028.6262    28.6207  0.000e+00
      1.296    26.1040    42.4329    28.6203     5.9756    6.35634    6.37189     93.781     0.4689     0.4487 1.0000e-12    92.3140     0.3199      8.025   276.1349      1.304    26.1037    26.1037      29.71  1028.6259    28.6204  0.000e+00
      1.249    26.1036    42.4334    28.6209     5.9749    6.35637    6.37192     93.769     0.4689     0.4548 1.0000e-12    92.3140     0.3199      8.025   276.1349      1.257    26.1033    26.1033      29.69  1028.6263    28.6210  0.000e+00
      1.358    26.1036    42.4332    28.6207     5.9741    6.35637    6.37192     93.757     0.4689     0.4487 1.0000e-12    92.3140     0.3199      8.025   276.1349      1.367    26.1033    26.1033      29.69  1028.6265    28.6208  0.000e+00
      1.241    26.1034    42.4335    28.6210     5.9734    6.35637    6.37193     93.746     0.4689     0.4487 1.0000e-12    92.3140     0.3199      8.025   276.1349      1.249    26.1031    26.1031      29.69  1028.6264    28.6211  0.000e+00
      1.249    26.1036    42.4333    28.6208     5.9725    6.35637    6.37193     93.731     0.4689     0.4487 1.0000e-12    92.3140     0.3199      8.025   276.1349      1.257    26.1033    26.1033      29.69  1028.6262    28.6209  0.000e+00
      1.296    26.1036    42.4336    28.6210     5.9758    6.35635    6.37191     93.784     0.4689     0.4487 1.0000e-12    92.3140     0.3199      8.025   276.1349      1.304    26.1033    26.1033      29.69  1028.6266    28.6211  0.000e+00
      1.358    26.1037    42.4335    28.6209     5.9714    6.35634    6.37190     93.715     0.4689     0.4487 1.0000e-12    92.2870     0.3211      8.025   276.1349      1.367    26.1034    26.1034      29.69  1028.6268    28.6210  0.000e+00
      1.241    26.1036    42.4335    28.6209     5.9746    6.35635    6.37191     93.764     0.4689     0.4548 1.0000e-12    92.3140     0.3199      8.025   276.1349      1.249    26.1034    26.1034      29.69  1028.6262    28.6210  0.000e+00
      1.304    26.1037    42.4334    28.6209     5.9662    6.35635    6.37190     93.634     0.4689     0.4425 1.0000e-12    92.3140     0.3199      8.025   276.1349      1.312    26.1034    26.1034      29.69  1028.6265    28.6210  0.000e+00
      1.241    26.1036    42.4338    28.6211     5.9696    6.35634    6.37190     93.686     0.4689     0.4487 1.0000e-12    92.2870     0.3211      8.020   276.1349      1.249    26.1034    26.1034      29.69  1028.6265    28.6212  0.000e+00
      1.303    26.1037    42.4332    28.6207     5.9690    6.35636    6.37191     93.677     0.4689     0.4425 1.0000e-12    92.3140     0.3199      8.025   276.1349      1.312    26.1034    26.1034      29.69  1028.6263    28.6208  0.000e+00
      1.296    26.1036    42.4336    28.6210     5.9726    6.35635    6.37191     93.734     0.4689     0.4487 1.0000e-12    92.2870     0.3211      8.025   276.1349      1.304    26.1033    26.1033      29.69  1028.6266    28.6211  0.000e+00
      1.249    26.1037    42.4336    28.6210     5.9765    6.35634    6.37190     93.794     0.4689     0.4548 1.0000e-12    92.3411     0.3187      8.025   276.1349      1.257    26.1034    26.1034      29.69  1028.6263    28.6211  0.000e+00
      1.296    26.1036    42.4338    28.6211     5.9728    6.35634    6.37190     93.736     0.4689     0.4487 1.0000e-12    92.3411     0.3187      8.025   276.1349      1.304    26.1033    26.1033      29.69  1028.6267    28.6212  0.000e+00
      1.303    26.1036    42.4333    28.6208     5.9692    6.35637    6.37192     93.679     0.4689     0.4487 1.0000e-12    92.3411     0.3187      8.025   276.1349      1.312    26.1033    26.1033      29.69  1028.6264    28.6209  0.000e+00
      1.241    26.1038    42.4332    28.6206     5.9772    6.35635    6.37190     93.805     0.4567     0.4670 1.0000e-12    92.3681     0.3176      8.025   276.1349      1.249    26.1035    26.1035      29.69  1028.6260    28.6207  0.000e+00
      1.303    26.1036    42.4333    28.6208     5.9817    6.35637    6.37193     93.876     0.4567     0.4731 1.0000e-12    92.3411     0.3187      8.025   276.1349      1.312    26.1033    26.1033      29.69  1028.6264    28.6209  0.000e+00
      1.296    26.1036    42.4330    28.6206     5.9786    6.35637    6.37193     93.827     0.4567     0.4731 1.0000e-12    92.3411     0.3187      8.025   276.1349      1.304    26.1033    26.1033      29.69  1028.6261    28.6207  0.000e+00
      1.303    26.1036    42.4335    28.6209     5.9833    6.35636    6.37192     93.901     0.4567     0.4792 1.0000e-12    92.3411     0.3187      8.025   276.1349      1.312    26.1033    26.1033      29.69  1028.6265    28.6210  0.000e+00
